17:21:17, 23.14, 29.97, 59.34, 9.21, 106.73
17:21:24, 23.22, 29.97, 57.81, 11.89, 106.90
17:21:31, 23.27, 29.97, 58.04, 14.16, 107.07
17:21:38, 23.32, 29.97, 58.56, 16.47, 107.07
17:21:45, 23.35, 29.97, 58.12, 18.99, 107.07
17:21:53, 23.37, 29.97, 57.51, 21.31, 107.23
17:22:0, 23.38, 29.97, 57.10, 23.49, 107.07
17:22:7, 23.40, 29.97, 57.00, 25.88, 107.07
17:22:14, 23.41, 29.97, 56.91, 27.91, 107.23
17:22:21, 23.42, 29.97, 56.92, 29.37, 107.23
17:22:28, 23.44, 29.97, 56.75, 31.24, 107.40
17:22:35, 23.46, 29.97, 56.71, 32.84, 107.40
17:22:42, 23.48, 29.97, 57.17, 34.50, 107.40
17:22:49, 23.50, 29.97, 56.98, 36.09, 107.40
17:22:57, 23.52, 29.97, 56.76, 37.17, 107.40
17:23:4, 23.55, 29.97, 56.59, 38.36, 107.23
17:23:11, 23.57, 29.97, 56.53, 39.84, 106.90
17:23:18, 23.60, 29.97, 56.83, 40.57, 107.07
17:23:25, 23.63, 29.97, 57.06, 41.28, 106.90
17:23:32, 23.65, 29.97, 56.55, 42.70, 107.07
17:23:39, 23.67, 29.97, 56.10, 43.81, 106.90
17:23:46, 23.69, 29.97, 55.96, 44.69, 107.07
17:23:53, 23.71, 29.97, 55.72, 45.90, 107.07
17:24:0, 23.71, 29.97, 53.70, 47.13, 106.73
17:24:7, 23.68, 29.97, 52.33, 48.71, 106.73
17:24:14, 23.64, 29.97, 51.92, 50.04, 106.40
17:24:21, 23.61, 29.98, 51.56, 50.91, 106.40
17:24:28, 23.58, 29.98, 51.01, 52.33, 106.07
17:24:35, 23.55, 29.98, 50.67, 53.40, 105.90
17:24:42, 23.53, 29.98, 50.55, 54.29, 106.07
17:24:49, 23.52, 29.98, 50.46, 54.60, 106.07
17:24:56, 23.50, 29.98, 50.56, 55.61, 106.24
17:25:3, 23.48, 29.98, 51.30, 55.50, 106.07
17:25:10, 23.44, 29.98, 52.01, 54.78, 106.07
17:25:17, 23.40, 29.98, 52.05, 55.43, 106.07
17:25:24, 23.36, 29.98, 50.82, 56.43, 105.90
17:25:31, 23.32, 29.98, 50.97, 56.43, 105.90
17:25:38, 23.28, 29.98, 50.24, 57.59, 105.74
17:25:45, 23.23, 29.98, 50.87, 57.74, 105.90
17:25:52, 23.19, 29.98, 52.10, 57.59, 105.90
17:25:59, 23.16, 29.98, 52.89, 57.82, 105.90
17:26:6, 23.13, 29.98, 52.42, 57.70, 105.90
17:26:13, 23.09, 29.98, 52.33, 57.98, 106.24
17:26:20, 23.06, 29.98, 52.02, 58.79, 106.07
17:26:27, 23.04, 29.98, 51.83, 59.20, 106.24
17:26:34, 23.03, 29.98, 51.63, 59.75, 106.07
17:26:41, 23.03, 29.98, 51.41, 60.61, 106.07
17:26:48, 23.02, 29.98, 51.07, 60.82, 106.24
17:26:55, 23.02, 29.98, 50.74, 61.18, 106.57
17:27:2, 23.01, 29.98, 50.57, 61.71, 106.57
17:27:9, 23.00, 29.97, 50.61, 61.90, 106.57
17:27:16, 22.99, 29.97, 50.64, 62.40, 106.73
17:27:23, 22.97, 29.97, 50.49, 62.72, 106.73
17:27:30, 22.95, 29.98, 50.46, 63.19, 106.24
17:27:37, 22.92, 29.98, 50.72, 63.38, 105.90
17:27:44, 22.90, 29.98, 50.80, 63.38, 105.74
17:27:51, 22.89, 29.98, 50.76, 63.72, 105.24
17:27:58, 22.88, 29.98, 50.74, 64.11, 105.24
17:28:5, 22.88, 29.98, 50.49, 64.64, 105.57
17:28:12, 22.88, 29.98, 50.20, 64.84, 105.57
17:28:19, 22.88, 29.98, 49.95, 65.40, 106.24
17:28:26, 22.86, 29.97, 49.55, 66.27, 106.73
17:28:33, 22.85, 29.97, 49.33, 66.53, 106.73
17:28:40, 22.84, 29.97, 49.28, 66.95, 107.65
17:28:47, 22.83, 29.97, 49.16, 67.43, 109.47
17:28:54, 22.82, 29.96, 48.99, 67.76, 109.14
17:29:1, 22.80, 29.97, 48.86, 68.09, 107.48
17:29:8, 22.79, 29.97, 48.84, 68.59, 106.24
17:29:15, 22.78, 29.98, 48.83, 68.59, 105.90
17:29:22, 22.76, 29.98, 48.72, 69.04, 105.57
17:29:29, 22.75, 29.98, 48.52, 69.61, 105.41
17:29:36, 22.73, 29.98, 48.31, 70.18, 105.08
17:29:43, 22.70, 29.98, 47.99, 70.71, 105.08
17:29:50, 22.68, 29.98, 47.75, 71.43, 105.24
17:29:57, 22.65, 29.98, 47.41, 71.67, 105.90
17:30:4, 22.62, 29.98, 47.09, 72.60, 107.23
17:30:11, 22.60, 29.97, 46.93, 73.17, 109.47
17:30:18, 22.58, 29.96, 46.97, 73.17, 111.21
17:30:25, 22.56, 29.96, 47.03, 73.10, 110.30
17:30:32, 22.54, 29.97, 46.81, 73.87, 108.64
17:30:39, 22.52, 29.97, 46.73, 73.74, 107.98
17:30:46, 22.50, 29.97, 47.02, 73.68, 107.81
17:30:53, 22.49, 29.97, 47.13, 74.07, 107.81
17:31:0, 22.49, 29.97, 47.26, 74.33, 107.40
17:31:7, 22.48, 29.97, 47.24, 74.39, 107.07
17:31:14, 22.46, 29.97, 47.13, 74.99, 106.90
17:31:21, 22.45, 29.97, 46.87, 74.99, 106.73
17:31:28, 22.43, 29.97, 46.59, 75.79, 106.90
17:31:35, 22.42, 29.97, 46.15, 76.83, 107.23
17:31:42, 22.40, 29.97, 45.81, 77.46, 107.65
17:31:49, 22.38, 29.97, 45.53, 77.89, 107.81
17:31:56, 22.37, 29.97, 45.49, 78.25, 107.98
17:32:3, 22.35, 29.97, 45.63, 78.25, 107.81
17:32:10, 22.34, 29.97, 45.69, 78.62, 108.14
17:32:17, 22.32, 29.97, 45.61, 79.21, 108.64
17:32:24, 22.31, 29.97, 45.49, 79.51, 108.48
17:32:31, 22.29, 29.97, 45.31, 79.89, 108.81
17:32:38, 22.28, 29.97, 45.14, 80.42, 108.97
17:32:45, 22.26, 29.97, 45.14, 80.73, 108.81
17:32:52, 22.25, 29.97, 45.06, 81.11, 108.97
17:32:59, 22.23, 29.97, 44.88, 81.51, 109.64
17:33:6, 22.22, 29.96, 44.76, 81.98, 110.13
17:33:13, 22.20, 29.96, 44.75, 82.14, 110.80
17:33:20, 22.19, 29.96, 44.74, 82.62, 110.80
17:33:27, 22.17, 29.96, 44.75, 82.95, 111.05
17:33:34, 22.16, 29.96, 44.88, 82.62, 110.63
17:33:41, 22.15, 29.96, 44.91, 83.19, 110.47
17:33:48, 22.13, 29.96, 44.78, 82.95, 110.47
17:33:55, 22.12, 29.96, 44.67, 83.61, 110.80
17:34:2, 22.11, 29.96, 44.62, 84.11, 110.63
17:34:9, 22.09, 29.96, 44.63, 84.36, 110.63
17:34:16, 22.08, 29.96, 44.69, 84.27, 110.30
17:34:23, 22.07, 29.96, 44.65, 84.70, 110.13
17:34:30, 22.06, 29.96, 44.51, 84.78, 110.47
17:34:37, 22.04, 29.96, 44.32, 85.04, 110.13
17:34:44, 22.03, 29.96, 44.12, 85.38, 110.13
17:34:51, 22.01, 29.96, 44.08, 85.90, 110.13
17:34:58, 22.00, 29.96, 44.22, 85.73, 110.13
17:35:5, 21.99, 29.96, 44.38, 85.73, 110.47
17:35:12, 21.98, 29.96, 44.42, 85.64, 110.47
17:35:19, 21.97, 29.96, 44.26, 85.56, 110.30
17:35:26, 21.95, 29.96, 44.12, 86.43, 110.96
17:35:33, 21.94, 29.96, 44.04, 86.61, 110.96
17:35:40, 21.93, 29.96, 44.00, 86.61, 111.05
17:35:47, 21.92, 29.96, 44.00, 86.97, 111.21
17:35:54, 21.91, 29.96, 44.04, 87.24, 110.96
17:36:1, 21.90, 29.96, 44.02, 86.97, 110.96
17:36:8, 21.89, 29.96, 44.07, 87.15, 111.05
17:36:15, 21.88, 29.96, 44.10, 87.24, 111.38
17:36:22, 21.86, 29.96, 44.10, 87.42, 111.71
17:36:29, 21.85, 29.96, 44.03, 87.60, 111.71
17:36:36, 21.84, 29.96, 43.93, 87.96, 111.71
17:36:43, 21.83, 29.96, 44.00, 87.96, 111.38
17:36:50, 21.82, 29.96, 44.02, 87.60, 110.80
17:36:57, 21.81, 29.96, 44.15, 87.51, 111.05
17:37:4, 21.81, 29.96, 44.20, 87.69, 111.54
17:37:11, 21.80, 29.96, 44.11, 87.69, 111.38
17:37:18, 21.79, 29.96, 44.07, 88.15, 111.05
17:37:25, 21.78, 29.96, 44.13, 87.87, 110.96
17:37:32, 21.77, 29.96, 44.13, 88.06, 110.63
17:37:39, 21.76, 29.96, 44.04, 88.33, 110.96
17:37:46, 21.75, 29.96, 43.97, 88.52, 111.38
17:37:53, 21.74, 29.95, 44.02, 88.52, 113.70
17:38:0, 21.73, 29.95, 43.95, 88.70, 114.53
17:38:7, 21.72, 29.95, 44.02, 88.52, 113.04
17:38:14, 21.72, 29.96, 44.27, 88.15, 110.80
17:38:21, 21.71, 29.96, 44.70, 87.69, 109.30
17:38:28, 21.71, 29.97, 44.86, 87.51, 108.48
17:38:35, 21.70, 29.97, 44.67, 87.87, 108.31
17:38:42, 21.70, 29.97, 44.37, 88.61, 107.98
17:38:49, 21.69, 29.97, 44.18, 88.52, 107.65
17:38:56, 21.68, 29.97, 44.13, 88.80, 107.81
17:39:3, 21.67, 29.97, 44.12, 88.80, 107.65
17:39:10, 21.67, 29.97, 44.17, 88.89, 107.65
17:39:17, 21.66, 29.97, 44.21, 88.80, 107.81
17:39:24, 21.65, 29.97, 44.24, 88.70, 107.65
17:39:31, 21.65, 29.97, 44.33, 88.80, 107.65
17:39:38, 21.64, 29.97, 44.29, 89.27, 107.81
17:39:45, 21.64, 29.97, 44.27, 89.17, 108.14
17:39:52, 21.63, 29.97, 44.60, 88.43, 107.98
17:39:59, 21.63, 29.97, 44.51, 88.70, 107.98
17:40:6, 21.63, 29.97, 44.47, 89.17, 108.14
17:40:13, 21.62, 29.97, 44.65, 88.80, 107.98
17:40:20, 21.62, 29.97, 44.76, 88.24, 108.14
17:40:27, 21.62, 29.97, 44.68, 88.43, 108.14
17:40:34, 21.61, 29.97, 44.65, 88.15, 107.98
17:40:41, 21.61, 29.97, 44.65, 87.78, 107.81
17:40:48, 21.60, 29.97, 44.61, 88.06, 108.14
17:40:55, 21.60, 29.97, 44.61, 88.06, 107.81
17:41:2, 21.59, 29.97, 44.55, 87.51, 107.65
17:41:9, 21.59, 29.97, 45.28, 86.88, 107.48
17:41:16, 21.58, 29.97, 45.32, 86.88, 107.81
17:41:23, 21.58, 29.97, 45.57, 86.43, 107.65
17:41:30, 21.59, 29.97, 46.06, 85.99, 107.81
17:41:37, 21.63, 29.97, 46.24, 85.38, 107.98
17:42:22, 21.73, 29.97, 46.83, 55.69, 107.65
17:43:12, 21.84, 29.97, 48.60, 43.00, 107.65
17:44:2, 21.92, 29.97, 48.51, 37.31, 107.81
17:44:52, 21.96, 29.97, 46.34, 35.02, 107.81
17:45:42, 21.98, 29.97, 45.80, 33.78, 107.98
17:46:32, 21.96, 29.97, 45.03, 33.25, 107.81
17:47:22, 21.93, 29.97, 44.97, 32.89, 107.48
17:48:12, 21.90, 29.97, 44.99, 32.48, 107.81
17:49:2, 21.88, 29.97, 45.09, 32.24, 107.65
17:49:52, 21.88, 29.97, 46.09, 31.61, 107.65
17:50:42, 21.91, 29.97, 46.83, 30.92, 107.65
17:51:32, 21.96, 29.97, 46.77, 30.32, 107.81
17:52:22, 21.90, 29.97, 53.14, 29.43, 108.31
17:53:12, 21.66, 29.97, 55.73, 29.12, 108.64
17:54:2, 21.45, 29.97, 56.94, 28.42, 108.81
17:54:52, 21.41, 29.97, 56.91, 27.67, 108.81
17:55:42, 21.46, 29.97, 56.99, 27.26, 108.97
17:56:32, 21.56, 29.97, 56.93, 26.90, 109.14
17:57:22, 21.67, 29.97, 56.63, 26.69, 108.64
17:58:12, 21.78, 29.97, 55.96, 26.48, 108.14
17:59:2, 21.89, 29.97, 55.73, 26.25, 108.14
17:59:52, 21.99, 29.97, 55.33, 26.31, 108.31
18:0:42, 22.08, 29.97, 55.09, 26.00, 108.31
18:1:32, 22.17, 29.97, 55.69, 26.00, 107.98
18:2:22, 22.25, 29.97, 54.95, 26.07, 107.98
18:3:12, 22.32, 29.97, 54.76, 26.18, 107.81
18:4:2, 22.40, 29.97, 55.03, 25.94, 107.81
18:4:52, 22.48, 29.97, 54.57, 25.84, 107.48
18:5:42, 22.55, 29.97, 54.26, 25.94, 107.48
18:6:32, 22.62, 29.97, 53.98, 25.96, 107.23
18:7:22, 22.69, 29.97, 53.80, 25.96, 107.23
18:8:12, 22.74, 29.97, 53.64, 26.02, 107.40
18:9:2, 22.79, 29.97, 53.58, 26.13, 107.07
18:9:52, 22.86, 29.97, 54.70, 25.59, 107.23
18:10:42, 22.94, 29.97, 55.02, 25.20, 107.23
18:11:32, 23.02, 29.97, 53.92, 25.58, 107.40
18:12:22, 23.08, 29.97, 53.60, 25.72, 107.98
18:13:12, 23.12, 29.97, 54.25, 25.75, 107.98
18:14:2, 23.16, 29.97, 54.12, 25.77, 108.64
18:14:52, 23.21, 29.97, 53.83, 25.36, 108.81
18:15:42, 23.25, 29.97, 53.50, 25.39, 108.64
18:16:32, 23.29, 29.97, 53.48, 25.86, 108.81
18:17:22, 23.35, 29.97, 52.90, 25.64, 108.81
18:18:12, 23.43, 29.97, 53.26, 25.59, 108.81
18:19:2, 23.50, 29.97, 52.65, 25.66, 108.64
18:19:52, 23.57, 29.97, 53.25, 25.73, 108.48
18:20:42, 23.64, 29.97, 52.86, 25.47, 108.81
18:21:32, 23.69, 29.97, 52.53, 25.58, 108.64
18:22:22, 23.76, 29.97, 52.46, 25.55, 108.97
18:23:12, 23.83, 29.97, 52.49, 25.42, 108.64
18:24:2, 23.89, 29.97, 52.09, 25.69, 108.64
18:24:52, 23.95, 29.97, 52.27, 25.67, 108.64
18:25:42, 24.02, 29.97, 51.27, 25.69, 108.64
18:26:32, 24.08, 29.97, 51.29, 25.72, 108.48
18:27:22, 24.15, 29.97, 51.04, 25.69, 108.48
18:28:12, 24.20, 29.97, 50.59, 25.73, 108.31
18:29:2, 24.24, 29.97, 50.58, 25.86, 108.14
18:29:52, 24.29, 29.97, 50.45, 25.89, 107.98
18:30:42, 24.34, 29.97, 50.41, 25.94, 108.14
18:31:32, 24.36, 29.97, 49.84, 26.04, 107.98
18:32:22, 24.36, 29.97, 49.52, 26.26, 107.81
18:33:12, 24.36, 29.97, 49.84, 26.38, 108.14
18:34:2, 24.37, 29.97, 49.91, 26.28, 108.48
18:34:52, 24.39, 29.97, 49.78, 26.17, 108.64
18:35:42, 24.40, 29.97, 49.76, 26.38, 108.97
18:36:32, 24.41, 29.97, 50.13, 26.54, 109.30
18:37:22, 24.41, 29.97, 50.04, 26.53, 109.30
18:38:12, 24.40, 29.97, 49.70, 26.66, 109.30
18:39:2, 24.39, 29.97, 49.82, 26.86, 108.97
18:39:52, 24.41, 29.97, 49.86, 26.66, 108.64
18:40:42, 24.45, 29.97, 49.66, 26.61, 108.31
18:41:32, 24.48, 29.97, 49.48, 26.69, 108.14
18:42:22, 24.52, 29.97, 49.45, 26.53, 107.98
18:43:12, 24.56, 29.97, 49.40, 26.54, 107.48
18:44:2, 24.59, 29.97, 49.44, 26.71, 107.40
18:44:52, 24.62, 29.97, 49.52, 26.51, 107.07
18:45:42, 24.64, 29.97, 49.54, 26.46, 106.90
18:46:32, 24.67, 29.97, 49.55, 26.51, 107.07
18:47:22, 24.69, 29.97, 49.55, 26.48, 107.07
18:48:12, 24.71, 29.97, 49.62, 26.34, 107.07
18:49:2, 24.73, 29.97, 49.57, 26.36, 106.73
18:49:52, 24.75, 29.97, 49.56, 26.33, 106.57
18:50:42, 24.77, 29.98, 49.70, 26.30, 106.57
18:51:32, 24.79, 29.98, 49.72, 26.28, 106.57
18:52:22, 24.81, 29.98, 49.78, 26.34, 106.40
18:53:12, 24.83, 29.98, 49.87, 26.28, 106.24
18:54:2, 24.85, 29.98, 49.82, 26.21, 106.24
18:54:52, 24.86, 29.98, 49.81, 26.28, 106.07
18:55:42, 24.88, 29.98, 49.86, 26.23, 105.57
18:56:32, 24.90, 29.98, 49.95, 26.13, 105.24
18:57:22, 24.91, 29.98, 50.01, 26.13, 104.91
18:58:12, 24.93, 29.98, 49.95, 26.05, 104.91
18:59:2, 24.94, 29.98, 50.15, 26.12, 104.58
18:59:52, 24.96, 29.98, 50.25, 26.00, 104.58
19:0:42, 24.97, 29.98, 50.82, 26.15, 104.91
19:1:32, 24.93, 29.98, 49.10, 26.56, 105.08
19:2:22, 24.84, 29.98, 48.86, 27.33, 105.08
19:3:12, 24.65, 29.98, 47.82, 28.65, 105.24
19:4:2, 24.11, 29.98, 49.76, 29.35, 104.74
19:4:52, 23.56, 29.98, 55.07, 28.94, 103.92
19:4:59, 23.31, 29.99, 55.63, 34.06, 103.17
19:5:6, 23.19, 29.99, 55.35, 39.14, 103.00
19:5:13, 23.15, 29.99, 54.76, 42.96, 102.09
19:5:20, 23.15, 29.99, 53.74, 46.51, 101.76
19:5:27, 23.17, 29.99, 53.03, 49.51, 101.60
19:5:34, 23.20, 29.99, 52.38, 51.60, 101.93
19:5:41, 23.23, 29.99, 51.88, 54.11, 102.09
19:5:48, 23.25, 29.99, 51.64, 55.43, 103.17
19:5:55, 23.28, 29.99, 51.49, 56.93, 103.17
19:6:2, 23.31, 29.99, 51.31, 58.02, 103.17
19:6:9, 23.34, 29.99, 51.04, 60.00, 102.09
19:6:16, 23.37, 29.99, 50.76, 61.09, 102.09
19:6:23, 23.39, 29.99, 50.57, 62.08, 102.09
19:6:30, 23.41, 29.99, 50.08, 63.91, 101.93
19:6:37, 23.43, 29.99, 49.79, 64.45, 101.60
19:6:44, 23.45, 29.99, 49.59, 65.40, 101.43
19:6:51, 23.47, 29.99, 49.34, 66.32, 101.43
19:6:58, 23.48, 29.99, 48.80, 67.65, 101.26
19:7:5, 23.48, 29.99, 47.85, 68.98, 101.76
19:7:12, 23.49, 29.99, 47.34, 70.07, 103.17
19:7:19, 23.49, 29.99, 47.48, 70.07, 103.25
19:7:26, 23.50, 29.99, 47.30, 70.89, 103.58
19:7:33, 23.50, 29.98, 47.02, 72.04, 103.75
19:7:40, 23.51, 29.98, 47.27, 71.49, 104.25
19:7:47, 23.53, 29.98, 47.49, 72.10, 104.41
19:7:54, 23.53, 29.98, 47.75, 71.92, 104.41
19:8:2, 23.54, 29.98, 47.88, 71.19, 104.08
19:8:9, 23.55, 29.98, 47.77, 72.29, 104.08
19:8:16, 23.56, 29.98, 47.51, 72.98, 104.25
19:8:23, 23.57, 29.98, 46.95, 74.33, 104.41
19:8:30, 23.57, 29.98, 46.64, 74.46, 104.58
19:8:37, 23.58, 29.98, 46.50, 75.73, 104.58
19:8:44, 23.58, 29.98, 46.31, 76.07, 104.74
19:8:51, 23.58, 29.98, 45.98, 76.34, 105.08
19:8:58, 23.58, 29.98, 45.39, 77.54, 105.24
19:9:5, 23.58, 29.98, 44.71, 78.91, 105.24
19:9:12, 23.58, 29.98, 44.53, 79.29, 105.24
19:9:19, 23.58, 29.98, 44.23, 79.66, 105.41
19:9:26, 23.58, 29.98, 44.26, 79.73, 105.08
19:9:33, 23.58, 29.98, 44.62, 79.29, 105.24
19:9:40, 23.58, 29.98, 44.70, 79.43, 105.08
19:9:47, 23.59, 29.98, 44.74, 79.66, 105.08
19:9:54, 23.59, 29.98, 44.91, 80.19, 104.25
19:10:1, 23.60, 29.99, 44.40, 81.11, 103.25
19:10:8, 23.60, 29.99, 44.16, 80.88, 104.08
19:10:15, 23.60, 29.98, 43.97, 81.19, 105.41
19:10:22, 23.60, 29.98, 43.76, 81.98, 106.40
19:10:29, 23.60, 29.98, 44.03, 81.66, 106.24
19:10:36, 23.60, 29.98, 44.16, 81.74, 106.57
19:10:43, 23.60, 29.97, 43.73, 82.38, 107.23
19:10:50, 23.61, 29.97, 43.66, 82.46, 107.48
19:10:57, 23.61, 29.97, 43.82, 82.46, 107.65
19:11:4, 23.61, 29.97, 43.90, 82.62, 107.65
19:11:11, 23.61, 29.97, 43.65, 83.28, 107.65
19:11:18, 23.61, 29.97, 43.65, 83.03, 107.98
19:11:25, 23.62, 29.97, 43.61, 83.36, 107.98
19:11:32, 23.62, 29.97, 43.25, 83.86, 107.81
19:11:39, 23.62, 29.97, 42.94, 83.86, 107.98
19:11:46, 23.62, 29.97, 42.87, 85.12, 108.31
19:11:53, 23.62, 29.97, 42.90, 84.19, 108.97
19:12:0, 23.62, 29.96, 43.05, 84.36, 109.80
19:12:7, 23.62, 29.96, 42.77, 84.87, 109.80
19:12:14, 23.62, 29.96, 42.48, 85.12, 109.47
19:12:21, 23.61, 29.96, 42.28, 85.12, 109.30
19:12:28, 23.61, 29.97, 42.28, 84.87, 109.14
19:12:35, 23.61, 29.97, 42.15, 85.38, 108.81
19:12:42, 23.61, 29.97, 42.39, 85.30, 108.48
19:12:49, 23.61, 29.97, 42.37, 85.12, 108.31
19:12:56, 23.61, 29.97, 42.76, 84.87, 107.40
19:13:3, 23.62, 29.97, 42.94, 85.04, 106.90
19:13:10, 23.62, 29.98, 42.90, 84.27, 106.40
19:13:17, 23.62, 29.98, 43.12, 84.27, 106.40
19:13:24, 23.63, 29.98, 42.64, 85.38, 106.24
19:13:31, 23.62, 29.98, 42.00, 85.82, 106.24
19:13:38, 23.62, 29.98, 42.02, 85.90, 106.40
19:13:45, 23.62, 29.98, 42.26, 85.90, 106.24
19:13:52, 23.62, 29.98, 42.31, 85.90, 106.07
19:13:59, 23.62, 29.98, 42.05, 86.70, 105.90
19:14:6, 23.62, 29.98, 41.92, 86.43, 105.57
19:14:13, 23.63, 29.98, 42.23, 86.34, 104.91
19:14:20, 23.63, 29.98, 42.62, 85.30, 104.41
19:14:27, 23.63, 29.98, 42.72, 85.38, 104.25
19:14:34, 23.64, 29.98, 42.71, 85.47, 104.41
19:14:41, 23.64, 29.98, 42.73, 85.73, 103.75
19:14:48, 23.64, 29.98, 42.71, 86.17, 103.92
19:14:56, 23.65, 29.98, 42.70, 84.78, 104.41
19:15:3, 23.65, 29.98, 42.53, 85.56, 105.24
19:15:10, 23.65, 29.98, 42.49, 85.38, 105.24
19:15:17, 23.65, 29.98, 42.63, 86.08, 105.08
19:15:24, 23.66, 29.98, 42.82, 84.78, 104.91
19:15:31, 23.66, 29.98, 42.79, 84.61, 104.74
19:15:38, 23.67, 29.98, 42.85, 85.12, 104.74
19:15:45, 23.67, 29.98, 42.73, 85.73, 105.08
19:15:52, 23.67, 29.98, 42.27, 86.08, 105.57
19:15:59, 23.67, 29.98, 42.08, 86.88, 105.41
19:16:6, 23.67, 29.98, 41.62, 87.60, 105.41
19:16:13, 23.67, 29.98, 41.51, 87.69, 105.08
19:16:20, 23.66, 29.98, 41.35, 87.60, 105.41
19:16:27, 23.66, 29.98, 41.38, 87.96, 105.24
19:16:34, 23.67, 29.98, 41.72, 87.69, 104.41
19:16:41, 23.67, 29.98, 41.87, 87.33, 104.41
19:16:48, 23.67, 29.98, 41.47, 88.15, 104.74
19:16:55, 23.67, 29.98, 41.07, 88.33, 104.08
19:17:2, 23.67, 29.98, 41.36, 87.69, 104.08
19:17:9, 23.67, 29.98, 41.01, 88.52, 104.41
19:17:16, 23.67, 29.98, 40.76, 89.08, 104.08
19:17:23, 23.67, 29.99, 40.82, 88.61, 103.75
19:17:30, 23.67, 29.99, 41.04, 89.17, 103.42
19:17:37, 23.67, 29.99, 40.66, 89.55, 103.25
19:17:44, 23.68, 29.99, 40.75, 89.08, 102.26
19:17:51, 23.68, 29.99, 41.13, 88.24, 102.26
19:17:58, 23.69, 29.99, 41.30, 88.70, 103.00
19:18:5, 23.69, 29.99, 41.82, 87.15, 103.17
19:18:12, 23.69, 29.99, 42.00, 87.60, 103.75
19:18:19, 23.69, 29.98, 41.50, 87.33, 103.92
19:18:26, 23.69, 29.98, 41.64, 87.33, 104.41
19:18:33, 23.69, 29.98, 41.95, 87.06, 104.74
19:18:40, 23.69, 29.98, 41.55, 88.15, 104.25
19:18:47, 23.70, 29.98, 41.19, 88.43, 103.75
19:18:54, 23.70, 29.98, 41.33, 87.69, 103.75
19:19:1, 23.71, 29.98, 41.19, 87.69, 103.92
19:19:8, 23.71, 29.98, 40.92, 88.06, 104.74
19:19:15, 23.71, 29.98, 41.96, 86.88, 104.58
19:19:22, 23.71, 29.98, 42.96, 85.82, 104.25
19:19:29, 23.70, 29.98, 42.75, 85.73, 104.08
19:19:36, 23.70, 29.98, 41.98, 87.24, 104.08
19:19:43, 23.71, 29.98, 42.33, 85.99, 104.25
19:19:50, 23.71, 29.98, 42.92, 85.64, 104.25
19:19:57, 23.71, 29.98, 43.01, 85.12, 104.25
19:20:4, 23.72, 29.98, 44.06, 84.95, 104.41
19:20:51, 23.68, 29.98, 45.54, 55.83, 104.91
19:21:38, 23.64, 29.98, 45.67, 45.56, 104.91
19:22:25, 23.63, 29.98, 45.75, 40.18, 105.08
19:23:12, 23.64, 29.98, 45.68, 37.47, 104.74
19:23:59, 23.65, 29.98, 45.64, 35.76, 104.91
19:24:46, 23.66, 29.98, 45.74, 34.56, 104.74
19:25:33, 23.66, 29.98, 45.75, 33.65, 104.74
19:26:20, 23.67, 29.98, 45.79, 32.99, 104.91
19:27:7, 23.66, 29.98, 45.80, 32.66, 105.08
19:27:54, 23.66, 29.98, 45.82, 32.16, 105.08
19:28:41, 23.66, 29.98, 45.89, 31.82, 105.41
19:29:28, 23.65, 29.98, 45.99, 31.54, 105.24
19:30:15, 23.64, 29.98, 45.95, 31.56, 105.41
19:31:2, 23.63, 29.98, 46.03, 31.26, 105.41
19:31:49, 23.62, 29.98, 46.08, 31.01, 105.74
19:32:36, 23.61, 29.98, 46.24, 30.94, 105.57
19:33:22, 23.60, 29.98, 46.30, 30.85, 105.90
19:34:9, 23.59, 29.98, 46.46, 30.71, 105.90
19:34:56, 23.57, 29.98, 46.48, 30.69, 105.90
19:35:43, 23.56, 29.98, 46.55, 30.40, 106.07
19:36:30, 23.55, 29.98, 46.70, 30.51, 105.74
19:37:17, 23.53, 29.98, 46.69, 30.56, 106.07
19:38:4, 23.52, 29.98, 46.79, 30.53, 106.07
19:38:51, 23.51, 29.98, 46.86, 30.42, 105.90
19:39:38, 23.50, 29.98, 46.95, 29.99, 105.90
19:40:25, 23.48, 29.98, 46.99, 30.27, 105.90
19:41:12, 23.47, 29.98, 47.11, 30.42, 105.90
19:41:59, 23.45, 29.98, 47.14, 30.29, 105.90
19:42:46, 23.43, 29.98, 47.24, 30.42, 105.90
19:43:33, 23.41, 29.98, 47.34, 30.47, 106.07
19:44:20, 23.39, 29.98, 47.40, 30.34, 106.40
19:45:7, 23.37, 29.98, 47.48, 30.01, 106.40
19:45:54, 23.35, 29.98, 47.58, 30.25, 106.24
19:46:41, 23.34, 29.98, 47.67, 30.29, 106.07
19:47:28, 23.32, 29.98, 47.72, 30.38, 106.24
19:47:28, 23.30, 29.98, 47.81, 30.49, 106.07
23:59:48, 23.25, 29.98, 48.43, 30.32, 105.08
23:59:48, 23.21, 29.98, 49.81, 30.34, 105.08
19:49:47, 23.20, 29.98, 49.43, 30.27, 104.91
19:49:47, 23.22, 29.98, 49.37, 30.16, 103.92
19:49:47, 23.25, 29.99, 49.10, 30.21, 103.00
19:49:47, 23.30, 29.99, 47.79, 30.49, 103.42
19:53:3, 23.37, 29.99, 48.06, 36.44, 103.17
19:53:3, 23.50, 29.99, 47.78, 31.21, 103.25
19:53:3, 23.64, 29.98, 46.48, 37.21, 103.92
19:53:3, 23.62, 29.98, 47.30, 33.95, 104.25
19:53:3, 23.49, 29.98, 47.33, 39.84, 104.41
19:53:3, 23.37, 29.98, 47.52, 45.90, 104.74
19:53:3, 23.26, 29.98, 47.64, 49.83, 104.91
19:53:3, 23.16, 29.98, 47.56, 54.85, 105.08
19:55:35, 23.04, 29.98, 47.12, 58.10, 105.08
19:55:35, 22.81, 29.98, 46.84, 44.83, 105.08
19:55:35, 22.52, 29.98, 47.80, 38.53, 104.74
19:55:35, 22.15, 29.98, 47.84, 35.67, 105.24
19:55:35, 21.59, 29.98, 49.43, 34.62, 105.08
19:55:35, 21.10, 29.98, 50.37, 33.92, 105.57
19:55:35, 20.85, 29.98, 54.69, 32.74, 105.74
19:55:35, 20.82, 29.98, 55.90, 31.35, 105.74
19:55:35, 20.96, 29.98, 55.47, 30.29, 105.57
19:55:35, 21.15, 29.98, 55.05, 29.61, 105.74
19:55:35, 21.37, 29.98, 54.52, 29.04, 105.74
19:55:35, 21.55, 29.98, 50.21, 29.20, 105.90
19:55:35, 21.57, 29.98, 49.80, 30.16, 106.07
19:55:35, 21.40, 29.98, 55.22, 30.16, 106.24
19:55:35, 21.27, 29.98, 55.91, 35.52, 105.90
19:55:35, 21.24, 29.98, 56.58, 41.04, 105.74
19:55:35, 21.24, 29.98, 55.74, 46.35, 105.74
19:55:35, 21.27, 29.98, 54.62, 50.61, 105.57
19:55:35, 21.30, 29.98, 53.85, 54.01, 105.41
19:55:35, 21.34, 29.98, 53.19, 57.23, 105.41
19:55:35, 21.38, 29.98, 52.83, 60.00, 105.57
19:55:35, 21.41, 29.98, 52.65, 62.26, 105.90
19:55:35, 21.45, 29.98, 52.46, 64.01, 105.41
19:55:35, 21.48, 29.98, 52.24, 65.91, 105.24
19:55:35, 21.51, 29.98, 52.08, 67.43, 105.90
19:55:35, 21.55, 29.98, 52.00, 68.64, 105.74
19:55:35, 21.58, 29.98, 51.89, 69.66, 105.24
19:55:35, 21.61, 29.98, 51.78, 70.89, 104.74
19:55:35, 21.64, 29.98, 51.67, 71.55, 105.08
19:55:35, 21.67, 29.98, 51.50, 72.98, 104.91
19:55:35, 21.71, 29.98, 51.42, 73.36, 104.41
19:55:35, 21.74, 29.98, 51.50, 73.74, 104.08
19:55:35, 21.78, 29.98, 51.16, 74.39, 104.41
19:55:35, 21.81, 29.98, 50.77, 75.25, 105.90
19:55:35, 21.85, 29.98, 50.56, 75.73, 106.07
19:55:35, 21.90, 29.98, 50.44, 76.21, 105.57
19:55:35, 21.95, 29.98, 50.32, 76.97, 105.57
19:55:35, 21.99, 29.98, 50.39, 77.04, 105.41
19:55:35, 22.03, 29.98, 50.38, 77.46, 105.24
19:55:35, 22.05, 29.98, 50.17, 77.89, 104.91
19:55:35, 22.07, 29.98, 50.06, 78.84, 104.91
19:55:35, 22.09, 29.98, 49.47, 79.06, 105.24
19:55:35, 22.10, 29.98, 49.47, 79.58, 105.90
19:55:35, 22.12, 29.98, 49.39, 79.36, 106.07
19:55:35, 22.15, 29.98, 49.54, 79.43, 106.57
19:55:35, 22.17, 29.98, 49.78, 79.36, 106.73
19:55:35, 22.20, 29.98, 49.88, 79.58, 106.40
19:55:35, 22.23, 29.98, 49.21, 80.65, 106.57
19:55:35, 22.26, 29.97, 48.66, 81.04, 106.73
19:55:35, 22.28, 29.97, 48.48, 81.35, 106.57
19:55:35, 22.29, 29.98, 48.61, 81.82, 106.57
19:55:35, 22.31, 29.98, 48.65, 81.51, 106.40
19:55:35, 22.32, 29.98, 48.61, 82.30, 106.07
19:55:35, 22.33, 29.98, 48.14, 82.46, 106.24
19:55:35, 22.35, 29.98, 48.23, 82.54, 106.07
19:55:35, 22.36, 29.98, 47.95, 82.95, 105.90
19:55:35, 22.38, 29.98, 48.00, 82.87, 106.07
19:55:35, 22.39, 29.98, 47.81, 83.28, 106.24
19:55:35, 22.41, 29.98, 48.04, 82.95, 106.40
19:55:35, 22.42, 29.98, 48.15, 82.87, 106.57
19:55:35, 22.44, 29.98, 47.95, 82.95, 106.40
19:55:35, 22.46, 29.98, 48.15, 83.28, 106.40
19:55:35, 22.47, 29.98, 48.05, 82.95, 106.57
19:55:35, 22.49, 29.98, 47.98, 83.28, 106.73
19:55:35, 22.50, 29.98, 47.81, 83.52, 106.40
19:55:35, 22.51, 29.98, 47.52, 83.86, 106.40
19:55:35, 22.53, 29.98, 47.44, 83.61, 106.24
19:55:35, 22.54, 29.98, 47.75, 83.52, 106.40
19:55:35, 22.56, 29.98, 47.79, 83.44, 106.40
19:55:35, 22.57, 29.98, 47.80, 83.36, 106.40
19:55:35, 22.60, 29.98, 47.95, 83.11, 106.57
19:55:35, 22.65, 29.98, 50.01, 54.01, 106.40
19:55:35, 22.60, 29.97, 48.68, 45.51, 107.07
19:55:35, 22.44, 29.97, 48.55, 41.65, 107.40
19:55:35, 22.20, 29.97, 49.47, 39.69, 107.48
19:55:35, 21.97, 29.97, 50.65, 38.43, 107.65
19:55:35, 21.82, 29.97, 50.61, 37.17, 107.98
19:55:35, 21.62, 29.97, 51.12, 36.44, 107.98
19:55:35, 21.29, 29.97, 52.60, 36.47, 108.14
19:55:35, 20.85, 29.97, 52.92, 36.85, 107.65
19:55:35, 20.48, 29.97, 53.65, 36.72, 107.65
20:25:30, 20.28, 29.97, 56.67, 35.76, 107.65
20:25:30, 20.26, 29.97, 57.41, 34.64, 107.23
20:25:30, 20.35, 29.97, 58.16, 33.60, 107.40
20:25:30, 20.49, 29.97, 58.13, 33.07, 107.40
20:25:30, 20.66, 29.97, 58.10, 32.31, 107.40
20:25:30, 20.83, 29.97, 57.95, 31.85, 107.48
20:25:30, 21.00, 29.97, 57.51, 31.14, 107.65
20:25:30, 21.17, 29.97, 57.10, 30.89, 107.48
20:25:30, 21.33, 29.97, 56.78, 30.51, 107.65
20:25:30, 21.48, 29.97, 56.56, 30.34, 107.98
20:25:30, 21.43, 29.97, 51.77, 31.87, 107.81
20:25:30, 21.21, 29.97, 54.05, 32.66, 107.98
20:25:30, 21.10, 29.97, 54.53, 32.76, 107.98
20:25:30, 21.12, 29.97, 54.99, 32.29, 108.31
20:37:10, 21.20, 29.97, 54.43, 32.33, 107.98
20:37:10, 21.30, 29.97, 54.26, 32.14, 107.81
20:37:10, 21.42, 29.97, 54.21, 32.04, 107.81
20:37:10, 21.53, 29.97, 53.85, 31.80, 107.98
20:37:10, 21.64, 29.97, 53.11, 31.75, 107.40
20:41:20, 21.75, 29.97, 53.02, 31.82, 107.23
20:41:20, 21.85, 29.97, 52.86, 31.56, 107.23
20:43:0, 21.94, 29.97, 52.71, 31.49, 106.90
20:43:0, 22.03, 29.97, 52.52, 31.35, 106.73
20:44:40, 22.10, 29.97, 52.52, 31.19, 106.57
20:44:40, 22.17, 29.97, 52.41, 31.10, 106.40
20:46:20, 22.23, 29.98, 52.41, 31.03, 106.40
20:46:20, 22.28, 29.98, 52.34, 30.96, 106.57
20:48:0, 22.32, 29.97, 52.33, 30.89, 106.90
20:48:0, 22.36, 29.97, 52.25, 30.92, 107.07
20:49:40, 22.40, 29.97, 52.19, 30.69, 107.40
20:49:40, 22.43, 29.97, 52.23, 30.85, 107.65
20:51:20, 22.46, 29.97, 52.23, 30.76, 108.14
20:51:20, 22.49, 29.97, 52.21, 30.80, 107.98
20:53:0, 22.53, 29.97, 52.17, 30.71, 108.31
20:53:0, 22.56, 29.97, 52.10, 30.69, 108.81
20:54:40, 22.59, 29.97, 52.06, 30.76, 108.81
20:54:40, 22.63, 29.97, 52.01, 30.69, 108.48
20:56:20, 22.66, 29.97, 51.93, 30.85, 108.14
20:56:20, 22.70, 29.97, 51.87, 30.69, 107.98
20:58:0, 22.73, 29.97, 51.71, 30.69, 108.31
20:58:0, 22.76, 29.97, 51.69, 30.51, 107.81
20:59:40, 22.79, 29.97, 51.67, 30.60, 107.48
20:59:40, 22.82, 29.97, 51.67, 30.62, 107.48
21:1:20, 22.84, 29.97, 51.67, 30.60, 107.48
21:1:20, 22.86, 29.97, 51.66, 30.62, 107.81
21:3:0, 22.87, 29.97, 51.68, 30.51, 108.31
21:3:0, 22.89, 29.97, 51.62, 30.60, 108.48
21:4:40, 22.91, 29.97, 51.57, 30.60, 108.64
21:4:40, 22.93, 29.97, 51.56, 30.78, 108.64
21:6:20, 22.95, 29.97, 51.52, 30.78, 108.48
21:6:20, 22.97, 29.97, 51.44, 30.71, 108.64
21:8:0, 22.99, 29.97, 51.38, 30.83, 108.64
21:8:0, 23.02, 29.97, 51.34, 30.71, 108.81
21:9:40, 23.04, 29.97, 51.25, 30.74, 109.14
21:9:40, 23.06, 29.97, 51.18, 30.65, 109.30
21:11:20, 23.07, 29.97, 51.11, 31.01, 109.30
21:11:20, 23.09, 29.97, 50.96, 30.80, 109.47
21:13:0, 23.10, 29.97, 50.94, 30.83, 108.97
21:13:0, 23.11, 29.97, 50.87, 31.10, 108.81
21:14:40, 23.12, 29.97, 50.82, 30.94, 108.48
21:14:40, 23.12, 29.97, 50.74, 31.44, 108.48
21:16:20, 23.13, 29.97, 50.67, 30.92, 108.31
21:16:20, 23.14, 29.97, 50.63, 31.40, 108.81
21:18:0, 23.16, 29.97, 50.55, 31.05, 108.97
21:18:0, 23.17, 29.97, 50.48, 31.44, 109.14
21:19:40, 23.18, 29.97, 50.42, 31.21, 109.47
21:19:40, 23.19, 29.96, 50.39, 31.70, 109.64
21:21:20, 23.20, 29.96, 50.33, 31.58, 109.80
21:21:20, 23.21, 29.96, 50.33, 31.24, 109.80
21:23:0, 23.22, 29.96, 50.28, 31.63, 109.97
21:23:0, 23.23, 29.96, 50.28, 31.35, 109.64
21:24:40, 23.24, 29.96, 50.22, 31.30, 109.64
21:24:40, 23.25, 29.96, 50.17, 31.80, 109.80
21:26:20, 23.25, 29.96, 50.07, 31.73, 109.47
21:26:20, 23.26, 29.96, 50.01, 31.54, 109.64
21:28:0, 23.27, 29.96, 49.97, 31.66, 109.64
21:28:0, 23.27, 29.96, 49.94, 31.90, 109.47
21:29:40, 23.27, 29.96, 49.85, 31.99, 109.64
21:29:40, 23.28, 29.96, 49.80, 31.82, 109.80
21:31:20, 23.28, 29.96, 49.69, 32.16, 109.80
21:31:20, 23.28, 29.96, 49.67, 32.19, 109.64
21:33:0, 23.28, 29.96, 49.65, 32.41, 109.47
21:33:0, 23.25, 29.96, 48.61, 32.58, 110.13
21:34:40, 23.19, 29.96, 48.20, 33.36, 110.47
21:34:40, 22.95, 29.96, 45.15, 34.42, 110.30
21:36:20, 22.61, 29.96, 46.28, 35.55, 110.96
21:36:20, 22.40, 29.96, 47.29, 35.79, 110.96
21:37:10, 22.28, 29.96, 47.52, 35.97, 111.38
21:37:10, 22.21, 29.96, 47.43, 35.88, 111.71
21:37:10, 22.15, 29.96, 48.99, 36.44, 111.38
21:37:10, 21.99, 29.96, 45.45, 37.21, 111.71
21:37:10, 21.78, 29.96, 46.39, 37.84, 111.38
21:37:10, 21.69, 29.96, 52.94, 35.82, 110.96
21:37:10, 21.71, 29.96, 52.67, 42.15, 110.80
21:37:10, 21.74, 29.96, 52.24, 47.45, 110.63
21:37:10, 21.77, 29.96, 51.93, 51.95, 110.47
21:37:10, 21.81, 29.96, 51.96, 55.21, 110.63
21:42:38, 21.86, 29.96, 52.09, 58.30, 110.63
21:42:38, 21.92, 29.96, 51.88, 60.52, 110.47
21:42:38, 21.98, 29.96, 51.55, 62.68, 110.80
21:42:59, 22.04, 29.96, 51.19, 64.64, 110.63
21:42:59, 22.10, 29.96, 50.54, 66.27, 110.63
21:42:59, 22.16, 29.96, 50.21, 67.71, 111.05
21:42:59, 22.21, 29.96, 49.99, 68.98, 110.47
21:42:59, 22.24, 29.96, 49.74, 70.12, 110.96
21:42:59, 22.28, 29.96, 49.52, 70.83, 110.80
21:42:59, 22.31, 29.96, 49.64, 71.31, 110.63
21:42:59, 22.34, 29.96, 49.89, 71.98, 109.64
21:42:59, 22.36, 29.96, 50.04, 72.10, 108.97
21:42:59, 22.38, 29.97, 50.16, 72.85, 108.81
21:42:59, 22.41, 29.97, 50.63, 73.04, 108.81
21:42:59, 22.46, 29.97, 50.60, 73.49, 109.14
21:42:59, 22.52, 29.96, 50.30, 73.87, 110.30
21:42:59, 22.57, 29.96, 49.91, 74.52, 110.13
21:42:59, 22.62, 29.97, 48.35, 76.34, 109.14
21:42:59, 22.65, 29.97, 47.49, 77.54, 108.31
21:42:59, 22.68, 29.97, 46.75, 79.43, 108.14
21:42:59, 22.71, 29.97, 46.47, 78.40, 107.98
21:42:59, 22.75, 29.97, 46.53, 78.69, 107.98
21:42:59, 22.78, 29.97, 45.75, 79.58, 107.81
21:42:59, 22.82, 29.97, 45.75, 80.42, 107.81
21:42:59, 22.85, 29.97, 45.75, 79.66, 107.81
21:42:59, 22.89, 29.97, 46.13, 79.51, 107.81
21:42:59, 22.92, 29.97, 46.42, 78.04, 107.98
21:42:59, 22.94, 29.97, 46.09, 78.99, 108.14
21:42:59, 22.96, 29.97, 45.51, 78.18, 108.48
21:42:59, 22.99, 29.97, 45.44, 76.90, 108.48
21:42:59, 23.01, 29.97, 45.72, 76.83, 108.64
21:42:59, 23.02, 29.97, 45.80, 77.54, 108.97
21:42:59, 23.03, 29.96, 45.23, 77.97, 109.64
21:42:59, 23.04, 29.96, 44.76, 79.51, 109.64
21:42:59, 23.05, 29.96, 44.76, 79.89, 109.80
21:42:59, 23.05, 29.96, 44.26, 79.73, 109.97
21:42:59, 23.06, 29.96, 44.19, 81.04, 109.80
21:42:59, 23.07, 29.96, 44.32, 80.73, 109.97
21:42:59, 23.08, 29.96, 44.00, 80.50, 109.97
21:42:59, 23.10, 29.96, 43.90, 81.58, 109.80
21:42:59, 23.11, 29.96, 43.74, 82.14, 109.97
21:42:59, 23.12, 29.96, 43.76, 80.80, 109.97
21:42:59, 23.13, 29.96, 44.09, 81.27, 110.13
21:42:59, 23.05, 29.96, 44.48, 56.70, 110.80
21:42:59, 22.80, 29.96, 44.83, 50.13, 111.21
21:42:59, 22.50, 29.96, 45.51, 47.08, 111.54
21:42:59, 22.27, 29.96, 45.94, 45.17, 112.04
21:42:59, 22.12, 29.96, 46.32, 43.81, 111.88
21:42:59, 21.97, 29.96, 46.81, 42.66, 111.88
21:42:59, 21.84, 29.96, 49.50, 41.44, 111.71
21:42:59, 21.80, 29.96, 50.12, 40.07, 111.71
21:42:59, 21.83, 29.96, 49.64, 39.39, 111.88
21:42:59, 21.90, 29.96, 49.34, 38.67, 111.71
21:42:59, 21.99, 29.96, 48.43, 38.39, 111.71
21:42:59, 22.09, 29.96, 47.91, 38.11, 111.38
21:42:59, 22.18, 29.96, 48.07, 37.81, 111.71
21:42:59, 22.28, 29.96, 48.30, 37.37, 112.21
21:42:59, 22.37, 29.96, 47.96, 36.91, 112.37
21:42:59, 22.46, 29.95, 47.93, 36.47, 112.54
21:42:59, 22.55, 29.95, 48.03, 36.34, 112.87
21:42:59, 22.65, 29.95, 48.03, 36.19, 113.20
21:42:59, 22.74, 29.95, 47.25, 36.37, 113.70
21:42:59, 22.85, 29.95, 47.72, 36.53, 113.70
21:42:59, 22.96, 29.95, 47.78, 35.58, 113.53
21:42:59, 23.08, 29.95, 47.22, 35.82, 113.53
21:42:59, 23.20, 29.95, 47.09, 35.61, 113.37
21:42:59, 23.33, 29.95, 46.29, 35.55, 113.53
21:42:59, 23.44, 29.95, 45.57, 35.64, 113.37
21:42:59, 23.48, 29.95, 43.39, 36.28, 113.20
21:42:59, 23.45, 29.95, 43.24, 36.95, 113.04
21:42:59, 23.39, 29.95, 43.83, 36.72, 113.20
21:42:59, 23.29, 29.95, 43.83, 37.31, 112.87
21:42:59, 23.15, 29.95, 43.93, 37.37, 113.37
21:42:59, 23.00, 29.95, 44.74, 37.74, 113.70
21:42:59, 22.85, 29.95, 45.29, 37.98, 114.20
22:14:22, 22.59, 29.95, 45.58, 38.64, 114.36
22:14:22, 22.24, 29.95, 47.18, 39.03, 114.36
22:14:22, 22.00, 29.95, 50.89, 37.04, 114.03
22:14:22, 21.93, 29.95, 50.90, 43.54, 113.70
22:14:22, 21.91, 29.95, 50.54, 49.37, 113.53
22:14:22, 21.92, 29.95, 50.19, 54.11, 113.37
22:14:22, 21.93, 29.95, 49.69, 58.18, 113.53
22:14:22, 21.95, 29.95, 49.32, 61.80, 114.03
22:14:22, 21.98, 29.95, 49.19, 64.50, 114.53
22:14:22, 22.00, 29.95, 49.15, 66.90, 114.36
22:14:22, 22.03, 29.95, 49.07, 68.75, 115.03
22:14:22, 22.06, 29.95, 48.96, 70.54, 114.86
22:14:22, 22.08, 29.95, 48.91, 71.98, 114.36
22:14:22, 22.11, 29.95, 48.90, 73.04, 114.70
22:14:22, 22.13, 29.95, 48.93, 74.07, 114.86
22:14:22, 22.15, 29.95, 48.94, 75.12, 115.03
22:14:22, 22.18, 29.95, 49.03, 76.21, 114.20
22:14:22, 22.20, 29.95, 49.09, 77.04, 114.36
22:14:22, 22.22, 29.95, 49.27, 77.82, 114.86
22:14:22, 22.24, 29.94, 49.40, 77.89, 115.03
22:14:22, 22.27, 29.95, 49.59, 78.69, 114.70
22:14:22, 22.29, 29.94, 49.63, 79.51, 115.28
22:14:22, 22.31, 29.94, 49.57, 80.04, 115.28
22:14:22, 22.33, 29.95, 49.62, 80.80, 114.20
22:14:22, 22.35, 29.95, 49.62, 80.96, 113.20
22:14:22, 22.37, 29.95, 49.52, 81.43, 112.70
22:14:22, 22.39, 29.95, 49.43, 82.22, 112.54
22:14:22, 22.40, 29.95, 49.32, 82.22, 112.37
22:14:22, 22.42, 29.95, 49.21, 82.54, 112.37
22:14:22, 22.44, 29.95, 49.15, 82.79, 112.37
22:14:22, 22.45, 29.95, 49.12, 83.11, 112.37
22:14:22, 22.47, 29.96, 49.05, 83.86, 112.54
22:14:22, 22.49, 29.96, 48.95, 83.52, 112.37
22:14:22, 22.50, 29.96, 48.83, 83.94, 112.21
22:14:22, 22.52, 29.95, 48.76, 84.27, 112.54
22:14:22, 22.53, 29.95, 48.77, 84.44, 114.03
22:14:22, 22.55, 29.95, 48.80, 84.78, 114.70
22:14:22, 22.56, 29.94, 48.74, 85.04, 115.94
22:14:22, 22.58, 29.94, 48.88, 85.47, 115.94
22:14:22, 22.59, 29.94, 48.96, 84.95, 116.77
22:14:22, 22.61, 29.93, 49.13, 85.21, 117.77
22:14:22, 22.62, 29.94, 49.13, 84.87, 118.60
22:14:22, 22.64, 29.93, 49.03, 85.21, 118.26
22:14:22, 22.65, 29.94, 48.92, 85.21, 116.44
22:14:22, 22.67, 29.94, 48.83, 85.38, 116.60
22:14:22, 22.68, 29.94, 48.76, 85.99, 117.10
22:14:22, 22.70, 29.94, 48.70, 86.34, 117.60
22:14:22, 22.71, 29.94, 48.61, 86.08, 117.60
22:14:22, 22.73, 29.93, 48.53, 86.88, 118.43
22:14:22, 22.74, 29.93, 48.45, 86.88, 117.93
22:14:22, 22.76, 29.94, 48.35, 87.15, 116.44
22:14:22, 22.77, 29.94, 48.27, 87.24, 115.61
22:14:22, 22.78, 29.94, 48.19, 87.42, 117.10
22:14:22, 22.80, 29.93, 48.14, 87.60, 119.09
22:14:22, 22.81, 29.93, 48.02, 87.69, 121.34
22:14:22, 22.83, 29.92, 47.85, 88.06, 121.83
22:23:3, 22.84, 29.92, 47.65, 89.46, 121.50
22:23:3, 22.85, 29.92, 47.43, 90.12, 121.67
22:23:3, 22.86, 29.92, 47.28, 90.03, 121.34
22:23:3, 22.88, 29.92, 47.17, 89.74, 120.67
22:23:30, 22.89, 29.93, 47.02, 90.32, 119.84
22:23:30, 22.90, 29.93, 46.95, 91.10, 118.76
22:23:30, 22.91, 29.93, 46.90, 91.10, 118.10
22:23:30, 22.92, 29.93, 46.90, 90.51, 118.60
22:23:30, 22.94, 29.93, 46.92, 91.20, 120.17
22:23:30, 22.95, 29.93, 46.91, 92.09, 120.34
22:23:30, 22.96, 29.93, 46.83, 91.39, 119.09
22:23:30, 22.97, 29.93, 46.81, 92.19, 116.77
22:23:30, 22.98, 29.94, 46.83, 92.19, 115.44
22:23:30, 23.00, 29.94, 46.92, 91.00, 115.44
22:23:30, 23.01, 29.94, 46.99, 91.69, 115.94
22:23:30, 23.02, 29.94, 47.02, 91.00, 116.44
22:23:30, 23.03, 29.94, 47.04, 90.51, 117.77
22:23:30, 23.04, 29.93, 46.97, 91.89, 118.43
22:23:30, 23.05, 29.93, 46.80, 90.51, 118.60
22:23:30, 23.06, 29.93, 46.73, 91.79, 119.51
22:23:30, 23.08, 29.93, 46.69, 91.99, 121.00
22:23:30, 23.09, 29.92, 46.63, 90.90, 121.50
22:23:30, 23.10, 29.92, 46.55, 91.00, 123.00
22:23:30, 23.11, 29.91, 46.43, 92.39, 125.49
22:23:30, 23.11, 29.90, 46.23, 93.01, 128.06
22:23:30, 23.12, 29.90, 46.06, 91.89, 127.23
22:23:30, 23.13, 29.90, 45.88, 93.01, 127.73
22:23:30, 23.14, 29.90, 45.74, 93.01, 128.73
22:23:30, 23.15, 29.90, 45.69, 92.80, 129.06
22:23:30, 23.16, 29.89, 45.68, 92.90, 129.72
22:23:30, 23.16, 29.89, 45.56, 91.99, 129.89
22:23:30, 23.17, 29.89, 45.39, 93.73, 129.23
22:23:30, 23.18, 29.89, 45.24, 93.42, 128.89
22:23:30, 23.19, 29.90, 45.17, 94.68, 128.89
22:23:30, 23.19, 29.90, 45.12, 94.46, 128.06
22:23:30, 23.20, 29.90, 44.91, 94.15, 127.40
22:23:30, 23.21, 29.90, 44.82, 93.62, 128.40
22:23:30, 23.21, 29.89, 44.72, 93.73, 130.06
22:23:30, 23.22, 29.89, 44.63, 94.25, 131.64
22:23:30, 23.23, 29.89, 44.65, 94.89, 131.64
22:23:30, 23.23, 29.88, 44.62, 93.32, 132.80
22:23:30, 23.24, 29.89, 44.61, 94.89, 127.56
22:23:30, 23.25, 29.91, 44.70, 94.68, 123.16
22:23:30, 23.26, 29.92, 44.86, 93.21, 119.84
22:23:30, 23.27, 29.93, 45.05, 93.32, 116.77
22:23:30, 23.28, 29.94, 45.21, 93.21, 117.27
22:23:30, 23.29, 29.94, 45.33, 92.29, 117.27
22:23:30, 23.30, 29.94, 45.41, 92.19, 117.77
22:23:30, 23.31, 29.94, 45.42, 92.19, 117.60
22:23:30, 23.32, 29.93, 45.43, 92.19, 118.26
22:23:30, 23.33, 29.93, 45.44, 92.09, 118.10
22:23:30, 23.34, 29.93, 45.42, 92.19, 117.93
22:23:30, 23.35, 29.94, 45.39, 92.09, 117.60
22:23:30, 23.35, 29.94, 45.34, 92.09, 116.60
22:23:30, 23.36, 29.94, 45.25, 92.60, 116.44
22:23:30, 23.37, 29.94, 45.16, 92.39, 115.78
22:23:30, 23.38, 29.94, 45.07, 91.59, 115.78
22:23:30, 23.39, 29.94, 44.97, 92.19, 115.61
22:23:30, 23.39, 29.94, 44.88, 92.39, 115.19
22:23:30, 23.40, 29.94, 44.83, 92.29, 115.28
22:23:30, 23.41, 29.95, 44.79, 92.60, 115.03
22:30:9, 23.42, 29.94, 44.73, 92.50, 116.11
22:30:9, 23.42, 29.94, 44.64, 91.99, 115.94
22:30:23, 23.43, 29.94, 44.53, 92.80, 117.77
22:30:23, 23.44, 29.93, 44.44, 92.39, 119.51
22:30:37, 23.45, 29.93, 44.42, 93.01, 118.76
22:30:37, 23.46, 29.93, 44.33, 93.01, 117.93
22:30:37, 23.46, 29.94, 44.29, 92.60, 116.94
22:30:58, 23.47, 29.94, 44.27, 93.01, 116.60
22:30:58, 23.48, 29.94, 44.26, 92.29, 116.60
22:31:12, 23.49, 29.93, 44.21, 93.01, 123.16
22:31:12, 23.50, 29.91, 44.30, 92.19, 126.32
22:31:12, 23.50, 29.91, 44.13, 92.90, 125.82
22:31:33, 23.51, 29.91, 43.95, 93.62, 126.48
22:31:33, 23.51, 29.91, 43.74, 93.94, 125.99
22:31:47, 23.51, 29.90, 43.64, 94.57, 127.90
22:31:47, 23.52, 29.90, 43.47, 94.25, 128.40
22:31:47, 23.52, 29.90, 43.45, 94.36, 126.82
22:32:8, 23.52, 29.91, 43.35, 93.80, 125.32
22:32:8, 23.52, 29.91, 42.96, 94.17, 124.66
22:32:22, 23.53, 29.91, 42.81, 94.64, 124.99
22:32:22, 23.53, 29.91, 42.73, 94.49, 125.99
22:32:22, 23.54, 29.91, 42.69, 94.38, 125.99
22:32:43, 23.54, 29.91, 42.69, 94.86, 125.16
22:32:43, 23.54, 29.91, 42.73, 95.18, 125.16
22:32:57, 23.55, 29.91, 42.49, 94.80, 124.99
22:32:57, 23.55, 29.91, 42.44, 95.12, 124.33
22:32:57, 23.55, 29.92, 42.41, 95.83, 121.34
22:33:18, 23.56, 29.93, 42.43, 95.61, 118.26
22:33:18, 23.56, 29.94, 42.52, 95.34, 116.77
22:33:18, 23.57, 29.94, 42.49, 96.04, 115.03
22:33:39, 23.58, 29.95, 42.73, 95.34, 114.53
22:33:39, 23.59, 29.95, 43.02, 95.10, 114.03
22:33:53, 23.60, 29.95, 43.31, 93.94, 114.53
22:33:53, 23.60, 29.95, 43.51, 93.21, 114.53
22:34:7, 23.61, 29.95, 43.65, 93.73, 114.53
22:34:7, 23.62, 29.95, 43.75, 93.11, 114.20
22:34:7, 23.63, 29.95, 43.84, 92.80, 113.37
22:34:28, 23.64, 29.95, 43.94, 92.90, 112.87
22:34:28, 23.65, 29.95, 44.03, 92.50, 113.37
22:34:42, 23.66, 29.95, 44.05, 93.01, 113.37
22:34:42, 23.66, 29.95, 44.07, 92.09, 115.61
22:34:42, 23.67, 29.94, 44.02, 92.29, 116.94
22:35:3, 23.68, 29.94, 43.97, 92.39, 117.43
22:35:3, 23.68, 29.94, 43.97, 92.80, 116.77
22:35:17, 23.69, 29.94, 43.73, 92.70, 115.78
22:35:17, 23.70, 29.94, 43.61, 93.11, 115.61
22:35:17, 23.70, 29.94, 43.65, 93.42, 115.44
22:35:38, 23.71, 29.94, 43.69, 93.32, 114.36
22:35:38, 23.72, 29.95, 43.87, 92.80, 114.03
22:35:52, 23.73, 29.95, 43.98, 92.80, 113.87
22:35:52, 23.74, 29.95, 44.04, 92.29, 113.53
22:35:52, 23.74, 29.95, 44.01, 92.60, 113.37
22:36:13, 23.75, 29.95, 43.92, 92.29, 112.70
22:36:13, 23.75, 29.96, 43.92, 92.29, 111.38
22:36:27, 23.76, 29.96, 43.97, 91.99, 110.63
22:36:27, 23.77, 29.96, 44.04, 91.69, 110.30
22:36:27, 23.77, 29.96, 44.06, 91.99, 109.97
22:36:48, 23.78, 29.96, 43.94, 92.09, 109.80
22:36:48, 23.79, 29.96, 43.76, 92.29, 109.97
22:37:2, 23.79, 29.96, 43.17, 93.52, 110.30
22:37:2, 23.78, 29.96, 42.47, 94.36, 109.97
22:37:2, 23.78, 29.96, 42.37, 94.89, 110.13
22:37:23, 23.78, 29.96, 42.41, 94.68, 109.80
22:37:23, 23.78, 29.96, 42.56, 94.25, 109.97
22:37:37, 23.79, 29.96, 42.65, 94.36, 109.47
22:37:37, 23.80, 29.96, 42.80, 93.62, 109.14
22:37:37, 23.80, 29.97, 42.96, 93.11, 109.47
22:37:58, 23.81, 29.97, 43.05, 94.25, 109.64
22:37:58, 23.81, 29.96, 43.09, 93.52, 109.47
22:38:12, 23.82, 29.97, 42.94, 93.42, 109.47
22:38:12, 23.83, 29.97, 42.88, 93.62, 109.30
22:38:12, 23.83, 29.97, 42.94, 93.62, 109.30
22:38:33, 23.84, 29.97, 43.03, 93.32, 108.97
22:38:33, 23.84, 29.97, 43.06, 93.11, 108.81
22:38:47, 23.85, 29.97, 43.01, 93.21, 108.81
22:38:47, 23.85, 29.97, 42.93, 92.90, 108.81
22:38:47, 23.86, 29.97, 42.86, 93.21, 108.81
22:39:8, 23.86, 29.97, 42.75, 93.01, 109.30
22:39:8, 23.86, 29.97, 42.65, 93.21, 109.47
22:39:22, 23.87, 29.96, 42.66, 93.32, 109.64
22:39:22, 23.87, 29.96, 42.68, 92.90, 109.64
22:39:22, 23.88, 29.96, 42.75, 93.01, 109.64
22:39:43, 23.89, 29.96, 42.87, 92.60, 109.47
22:39:43, 23.89, 29.96, 42.87, 92.70, 109.14
22:39:57, 23.90, 29.97, 42.91, 92.60, 109.30
22:39:57, 23.90, 29.96, 42.96, 92.39, 109.47
22:39:57, 23.91, 29.96, 42.92, 92.80, 109.47
22:40:18, 23.91, 29.96, 42.88, 91.99, 109.30
22:40:18, 23.92, 29.96, 43.59, 91.29, 109.64
22:40:32, 23.72, 29.96, 42.01, 63.43, 109.80
22:40:32, 23.27, 29.96, 43.08, 53.50, 110.13
22:40:32, 22.88, 29.96, 43.13, 48.77, 110.63
22:40:32, 22.68, 29.96, 43.30, 45.65, 111.05
22:43:40, 22.57, 29.96, 43.14, 43.36, 111.21
22:43:40, 22.53, 29.96, 43.70, 41.90, 111.71
22:45:14, 22.53, 29.96, 43.62, 40.80, 112.04
22:45:14, 22.54, 29.96, 43.62, 39.84, 112.54
22:46:48, 22.51, 29.96, 43.24, 39.95, 112.54
22:46:48, 22.47, 29.95, 43.58, 39.47, 112.54
22:48:22, 22.47, 29.95, 43.46, 38.81, 112.54
22:48:22, 22.44, 29.95, 42.62, 39.10, 112.70
22:48:22, 22.16, 29.95, 42.47, 40.26, 112.54
22:50:43, 21.73, 29.95, 44.29, 40.65, 112.37
22:50:43, 21.40, 29.95, 45.17, 40.72, 112.54
22:52:17, 21.07, 29.96, 45.95, 41.28, 112.21
22:52:17, 20.77, 29.96, 47.09, 41.24, 112.21
22:52:17, 20.61, 29.96, 47.37, 40.84, 112.37
22:54:38, 20.43, 29.96, 48.61, 41.28, 112.04
22:54:38, 20.27, 29.96, 48.98, 40.84, 112.21
22:56:12, 20.01, 29.96, 50.11, 41.73, 111.21
22:56:12, 19.52, 29.96, 49.99, 42.66, 111.21
22:56:12, 19.04, 29.96, 50.73, 43.00, 111.21
22:58:33, 18.72, 29.96, 52.05, 43.40, 111.54
22:58:33, 18.56, 29.96, 50.91, 42.70, 112.21
23:0:7, 18.59, 29.95, 52.73, 41.32, 112.70
23:0:7, 18.74, 29.92, 53.52, 40.10, 128.40
23:0:7, 18.97, 29.91, 55.04, 38.53, 123.66
23:3:15, 19.24, 29.92, 52.12, 38.46, 121.17
23:3:15, 19.50, 29.93, 52.28, 38.15, 119.18
23:3:15, 19.75, 29.93, 52.29, 37.57, 117.93
23:3:15, 19.97, 29.94, 51.80, 36.98, 116.94
23:3:15, 20.17, 29.94, 51.60, 36.47, 116.44
23:6:23, 20.35, 29.94, 51.26, 36.03, 116.44
23:7:57, 20.53, 29.94, 50.78, 35.85, 116.27
23:7:57, 20.69, 29.94, 50.47, 35.43, 115.94
23:7:57, 20.85, 29.94, 50.16, 35.31, 115.78
23:7:57, 21.00, 29.94, 49.95, 35.13, 115.61
23:10:18, 21.14, 29.94, 49.42, 34.96, 115.44
23:11:52, 21.27, 29.94, 49.23, 34.87, 115.19
23:11:52, 21.39, 29.94, 48.92, 34.70, 115.44
23:11:52, 21.51, 29.94, 48.44, 34.59, 115.44
23:11:52, 21.62, 29.94, 48.27, 34.59, 115.44
23:14:13, 21.71, 29.94, 48.06, 34.42, 115.44
23:15:47, 21.80, 29.94, 47.80, 34.44, 115.44
23:15:47, 21.89, 29.94, 47.62, 34.33, 115.44
23:15:47, 21.97, 29.94, 47.31, 34.33, 115.78
23:15:47, 22.04, 29.94, 47.02, 34.28, 115.44
23:18:8, 22.12, 29.94, 46.88, 34.33, 115.78
23:19:42, 22.19, 29.94, 46.66, 34.31, 115.78
23:19:42, 22.25, 29.94, 46.46, 34.28, 116.44
23:19:42, 22.32, 29.94, 46.33, 34.44, 116.44
23:19:42, 22.37, 29.94, 46.19, 34.31, 116.60
23:22:50, 22.43, 29.94, 45.99, 34.42, 116.94
23:22:50, 22.48, 29.94, 45.89, 34.36, 117.10
23:24:24, 22.53, 29.94, 45.79, 34.33, 117.27
23:24:24, 22.58, 29.94, 45.65, 34.39, 117.43
23:24:24, 22.63, 29.94, 45.51, 34.73, 117.10
23:26:45, 22.68, 29.94, 45.25, 34.33, 117.27
23:26:45, 22.73, 29.94, 45.19, 34.70, 117.10
23:28:19, 22.77, 29.94, 45.17, 34.39, 117.10
23:28:19, 22.81, 29.94, 44.99, 34.36, 117.27
23:28:19, 22.85, 29.94, 44.83, 34.62, 117.27
23:30:40, 22.89, 29.94, 44.76, 34.59, 117.27
23:30:40, 22.94, 29.94, 44.67, 34.53, 117.10
23:32:14, 22.98, 29.94, 44.53, 34.62, 117.10
23:32:14, 23.03, 29.94, 44.37, 34.81, 117.60
23:32:14, 23.07, 29.94, 44.33, 34.73, 117.77
23:34:35, 23.11, 29.94, 44.08, 34.87, 117.60
23:34:35, 23.16, 29.93, 43.94, 34.76, 117.77
23:34:35, 23.20, 29.93, 43.95, 34.90, 117.93
23:34:35, 23.24, 29.94, 43.77, 34.96, 117.60
23:34:35, 23.27, 29.94, 43.59, 34.99, 117.43
23:38:30, 23.31, 29.94, 43.59, 35.04, 117.60
23:38:30, 23.34, 29.94, 43.51, 34.93, 116.94
23:40:4, 23.38, 29.94, 43.22, 35.13, 116.94
23:40:4, 23.41, 29.94, 43.16, 35.16, 117.10
23:40:4, 23.43, 29.94, 43.13, 35.08, 117.27
23:42:25, 23.45, 29.94, 43.00, 35.37, 117.10
23:42:25, 23.47, 29.94, 42.79, 35.25, 116.94
23:42:25, 23.50, 29.94, 42.86, 35.40, 116.94
23:42:25, 23.52, 29.94, 42.82, 35.37, 117.10
23:42:25, 23.55, 29.94, 42.71, 35.49, 116.94
23:45:33, 23.57, 29.94, 42.68, 35.43, 116.77
23:47:7, 23.59, 29.94, 42.58, 35.46, 117.10
23:47:7, 23.62, 29.94, 42.65, 35.43, 117.27
23:47:7, 23.64, 29.94, 42.59, 35.49, 117.43
23:47:7, 23.66, 29.94, 42.56, 35.49, 117.77
23:49:28, 23.68, 29.94, 42.54, 35.49, 117.77
23:51:2, 23.71, 29.94, 42.44, 35.52, 117.77
23:51:2, 23.74, 29.94, 42.16, 35.67, 117.93
23:51:2, 23.77, 29.93, 42.24, 35.64, 118.10
23:51:2, 23.79, 29.93, 42.23, 35.64, 118.10
23:53:23, 23.82, 29.93, 42.22, 35.61, 117.93
23:54:57, 23.85, 29.93, 42.13, 35.73, 118.43
23:54:57, 23.88, 29.93, 42.12, 35.52, 118.60
23:54:57, 23.90, 29.93, 41.96, 35.70, 118.76
23:54:57, 23.92, 29.93, 41.82, 35.67, 118.76
23:57:18, 23.94, 29.93, 41.67, 35.97, 118.76
23:57:18, 23.96, 29.93, 41.78, 35.88, 118.76
23:57:18, 23.97, 29.93, 41.68, 35.91, 118.76
23:57:18, 23.98, 29.93, 41.25, 36.12, 118.93
23:57:18, 23.99, 29.93, 41.43, 36.12, 118.76
0:1:13, 24.00, 29.93, 41.27, 36.12, 118.93
0:2:47, 24.00, 29.93, 40.96, 36.25, 118.76
0:2:47, 24.01, 29.93, 41.29, 36.25, 119.18
0:2:47, 24.02, 29.93, 41.17, 36.47, 119.34
0:2:47, 24.02, 29.93, 40.95, 36.56, 119.68
0:2:47, 24.03, 29.93, 41.01, 36.40, 119.34
0:2:47, 24.03, 29.93, 41.02, 36.56, 119.34
0:2:47, 24.05, 29.93, 40.97, 36.66, 119.18
0:2:47, 24.06, 29.93, 40.93, 36.53, 119.18
0:2:47, 24.07, 29.93, 40.79, 36.75, 119.51
0:2:47, 24.09, 29.93, 40.81, 36.85, 119.51
0:2:47, 24.10, 29.93, 40.70, 36.69, 119.51
0:2:47, 24.10, 29.93, 40.68, 36.75, 119.51
0:2:47, 24.11, 29.93, 41.23, 36.82, 119.84
0:2:47, 24.12, 29.93, 42.07, 36.40, 119.84
0:12:58, 24.15, 29.93, 41.49, 36.40, 120.01
0:12:58, 24.18, 29.93, 41.88, 36.25, 120.34
0:12:58, 24.20, 29.93, 40.26, 36.72, 120.67
0:12:58, 24.20, 29.93, 40.64, 36.88, 120.67
0:12:58, 24.19, 29.93, 40.73, 36.85, 120.67
0:16:53, 24.17, 29.93, 40.38, 36.91, 120.84
0:16:53, 24.14, 29.92, 40.24, 37.34, 120.67
0:16:53, 24.12, 29.92, 40.44, 37.31, 121.17
0:16:53, 24.09, 29.92, 40.13, 37.47, 121.17
0:16:53, 24.07, 29.92, 40.43, 37.60, 121.17
0:16:53, 24.00, 29.92, 40.19, 37.81, 121.50
0:16:53, 23.92, 29.92, 40.21, 38.08, 121.34
0:16:53, 23.86, 29.93, 40.65, 38.29, 119.84
0:16:53, 23.78, 29.93, 40.27, 38.50, 118.43
0:16:53, 23.70, 29.93, 40.32, 38.81, 117.77
0:24:43, 23.45, 29.94, 38.97, 39.47, 116.94
0:24:43, 22.81, 29.94, 41.72, 41.12, 116.60
0:24:43, 22.02, 29.94, 43.68, 41.98, 116.44
0:24:43, 21.40, 29.94, 45.66, 42.06, 116.11
0:24:43, 20.90, 29.94, 46.78, 42.40, 116.27
0:24:43, 20.32, 29.94, 48.15, 43.22, 115.94
0:24:43, 19.81, 29.94, 49.17, 43.36, 115.94
0:24:43, 19.40, 29.94, 49.84, 44.27, 116.11
0:24:43, 19.06, 29.94, 51.34, 43.99, 116.60
0:24:43, 18.89, 29.94, 50.85, 43.58, 116.11
0:24:43, 18.72, 29.94, 50.65, 44.41, 115.94
0:24:43, 18.61, 29.94, 53.72, 43.58, 115.28
0:24:43, 18.70, 29.95, 56.93, 40.72, 114.36
0:24:43, 18.96, 29.95, 54.90, 39.47, 114.03
0:24:43, 19.30, 29.95, 52.91, 38.60, 115.28
0:36:28, 19.64, 29.94, 50.90, 38.18, 115.94
0:36:28, 19.97, 29.94, 50.26, 37.77, 116.77
0:36:28, 20.27, 29.94, 48.84, 37.37, 115.28
0:36:28, 20.60, 29.95, 46.58, 37.50, 114.70
0:36:28, 20.98, 29.95, 47.28, 36.88, 114.20
0:36:28, 21.37, 29.95, 45.35, 36.44, 114.53
0:36:28, 21.70, 29.95, 45.72, 35.91, 114.53
0:36:28, 22.01, 29.95, 45.19, 35.40, 114.53
0:36:28, 22.27, 29.95, 43.81, 34.93, 114.20
0:36:28, 22.48, 29.95, 42.97, 34.73, 114.03
0:36:28, 22.79, 29.94, 42.59, 34.62, 116.11
0:36:28, 23.13, 29.94, 41.10, 34.44, 114.86
0:36:28, 23.40, 29.95, 39.99, 34.59, 113.87
0:36:28, 23.61, 29.95, 39.61, 34.59, 113.37
0:36:28, 23.80, 29.95, 38.83, 34.22, 113.53
0:36:28, 24.01, 29.95, 39.70, 33.84, 113.20
0:36:28, 24.14, 29.95, 40.93, 33.17, 113.37
0:36:28, 24.15, 29.95, 43.01, 33.23, 113.87
0:36:28, 24.11, 29.95, 42.41, 33.44, 114.03
0:36:28, 24.06, 29.95, 42.34, 33.44, 114.20
0:36:28, 24.00, 29.95, 42.50, 33.73, 114.36
0:36:28, 23.93, 29.95, 43.32, 33.95, 114.36
0:36:28, 23.87, 29.95, 45.53, 33.92, 114.20
0:36:28, 23.74, 29.95, 46.14, 33.44, 114.36
0:36:28, 23.61, 29.95, 46.05, 40.07, 113.87
0:36:28, 23.53, 29.95, 46.09, 46.10, 114.03
0:36:28, 23.48, 29.95, 46.03, 50.91, 113.87
0:36:28, 23.45, 29.95, 45.98, 55.10, 114.03
0:36:28, 23.43, 29.95, 45.94, 58.22, 113.70
0:36:28, 23.40, 29.95, 45.97, 61.80, 114.03
0:36:28, 23.34, 29.95, 46.23, 63.48, 113.87
0:36:28, 23.29, 29.95, 46.38, 65.60, 113.70
0:36:28, 23.26, 29.95, 46.52, 68.53, 113.70
0:36:28, 23.23, 29.95, 46.59, 69.78, 114.03
0:36:28, 23.21, 29.95, 46.89, 71.43, 113.87
0:36:28, 23.20, 29.95, 46.87, 72.54, 114.03
0:36:28, 23.19, 29.95, 46.78, 73.29, 114.03
0:36:28, 23.19, 29.95, 46.72, 74.46, 114.03
0:36:28, 23.18, 29.95, 46.73, 74.99, 114.03
0:36:28, 23.18, 29.95, 46.66, 76.41, 114.03
0:36:28, 23.18, 29.95, 46.54, 78.04, 114.03
0:36:28, 23.18, 29.95, 46.53, 77.46, 113.87
0:36:28, 23.18, 29.95, 46.50, 79.51, 113.87
0:36:28, 23.18, 29.95, 46.56, 79.29, 113.70
0:36:28, 23.17, 29.95, 46.51, 79.81, 113.70
0:36:28, 23.17, 29.95, 46.49, 80.88, 114.03
0:36:28, 23.17, 29.95, 46.49, 81.58, 113.87
0:36:28, 23.17, 29.95, 46.51, 82.06, 113.70
0:36:28, 23.16, 29.95, 46.50, 83.11, 113.53
0:36:28, 23.15, 29.95, 46.50, 82.95, 113.53
0:36:28, 23.14, 29.95, 46.55, 82.87, 113.53
0:36:28, 23.13, 29.95, 46.56, 83.19, 113.53
0:36:28, 23.11, 29.95, 46.60, 83.61, 113.37
0:36:28, 23.09, 29.95, 46.56, 84.53, 113.70
0:36:28, 23.07, 29.95, 46.80, 84.61, 113.87
0:36:28, 23.03, 29.95, 47.34, 84.02, 113.70
0:36:28, 22.99, 29.95, 47.55, 84.95, 113.53
0:36:28, 22.98, 29.95, 47.58, 85.38, 113.53
0:36:28, 22.97, 29.95, 47.58, 85.73, 113.70
0:36:28, 22.96, 29.95, 47.58, 85.73, 113.70
0:36:28, 22.94, 29.95, 47.65, 85.64, 113.87
0:36:28, 22.92, 29.95, 47.78, 85.82, 113.87
0:36:28, 22.91, 29.95, 47.69, 86.17, 113.87
0:36:28, 22.91, 29.95, 47.77, 85.73, 113.87
0:36:28, 22.91, 29.95, 48.21, 86.79, 113.87
0:36:28, 22.92, 29.95, 48.32, 85.90, 113.70
0:36:28, 22.92, 29.95, 48.07, 86.70, 113.87
0:36:28, 22.93, 29.95, 47.93, 86.52, 113.87
0:36:28, 22.93, 29.95, 47.81, 86.25, 113.87
0:36:28, 22.93, 29.95, 47.75, 86.88, 113.87
0:36:28, 22.92, 29.95, 47.78, 88.89, 114.03
0:36:28, 22.90, 29.95, 47.89, 87.33, 114.03
0:36:28, 22.89, 29.95, 48.21, 88.43, 113.87
0:36:28, 22.88, 29.95, 48.20, 88.33, 113.70
0:36:28, 22.88, 29.95, 48.40, 86.17, 113.70
0:36:28, 22.88, 29.95, 49.33, 86.70, 113.70
0:36:28, 22.89, 29.95, 49.10, 86.43, 113.70
0:36:28, 22.88, 29.95, 48.71, 87.69, 113.87
0:36:28, 22.85, 29.95, 48.44, 87.78, 113.87
0:36:28, 22.82, 29.95, 48.38, 88.15, 113.87
0:36:28, 22.81, 29.95, 48.36, 88.33, 113.70
0:36:28, 22.81, 29.95, 48.60, 88.61, 113.87
0:36:28, 22.81, 29.95, 48.69, 88.15, 113.70
0:36:28, 22.81, 29.95, 48.54, 88.70, 113.70
0:36:28, 22.82, 29.95, 48.42, 88.70, 113.87
0:36:28, 22.82, 29.95, 48.49, 88.61, 113.70
0:36:28, 22.83, 29.95, 48.58, 88.80, 113.70
0:36:28, 22.82, 29.95, 48.62, 89.08, 113.70
0:36:28, 22.81, 29.95, 48.65, 89.17, 113.87
0:36:28, 22.80, 29.95, 48.82, 88.98, 113.70
1:2:57, 22.79, 29.95, 48.75, 89.36, 113.70
1:2:57, 22.79, 29.95, 48.67, 89.17, 113.70
1:2:57, 22.80, 29.95, 48.72, 89.84, 113.70
1:2:57, 22.80, 29.95, 48.85, 89.27, 113.53
1:2:57, 22.83, 29.95, 49.71, 88.06, 113.87
1:2:57, 22.89, 29.95, 51.92, 86.79, 114.03
1:2:57, 22.97, 29.95, 52.48, 85.30, 113.87
1:2:57, 23.04, 29.95, 51.63, 85.64, 114.20
1:2:57, 23.10, 29.95, 50.86, 86.25, 114.03
1:2:57, 23.15, 29.95, 50.30, 87.33, 114.20
1:2:57, 23.18, 29.95, 49.95, 87.69, 114.20
1:2:57, 23.20, 29.95, 49.33, 87.33, 114.20
1:2:57, 23.22, 29.95, 49.00, 87.15, 114.53
1:2:57, 23.24, 29.95, 48.65, 87.42, 114.36
1:2:57, 23.26, 29.95, 48.38, 88.33, 114.36
1:2:57, 23.27, 29.95, 48.24, 88.70, 114.36
1:2:57, 23.28, 29.95, 48.21, 88.15, 114.36
1:2:57, 23.29, 29.95, 48.19, 88.98, 114.36
1:5:3, 23.31, 29.95, 48.11, 88.61, 114.36
1:5:3, 23.33, 29.95, 48.05, 88.52, 114.53
1:5:3, 23.35, 29.95, 48.08, 87.78, 114.36
1:5:24, 23.36, 29.95, 48.05, 88.24, 114.36
1:5:24, 23.38, 29.95, 47.98, 88.15, 114.03
1:5:38, 23.40, 29.95, 47.91, 87.96, 114.53
1:5:38, 23.42, 29.95, 48.21, 88.33, 114.20
1:5:52, 23.44, 29.95, 48.16, 88.33, 114.20
1:5:52, 23.45, 29.95, 48.00, 87.96, 114.20
1:5:52, 23.45, 29.95, 48.03, 88.43, 114.20
1:6:13, 23.46, 29.95, 48.15, 88.33, 113.87
1:6:13, 23.47, 29.95, 48.46, 87.78, 114.03
1:6:27, 23.48, 29.95, 48.26, 87.96, 114.03
1:6:27, 23.49, 29.95, 48.10, 87.69, 114.20
1:6:27, 23.50, 29.95, 48.00, 87.51, 114.20
1:6:48, 23.51, 29.95, 48.19, 88.15, 114.03
1:6:48, 23.52, 29.95, 48.32, 87.42, 114.36
1:7:2, 23.52, 29.95, 48.26, 87.60, 114.03
1:7:2, 23.52, 29.95, 48.22, 87.24, 114.03
1:7:2, 23.52, 29.95, 48.13, 87.78, 113.87
1:7:23, 23.52, 29.95, 48.11, 87.78, 114.03
1:7:23, 23.51, 29.95, 48.11, 88.06, 113.87
1:7:23, 23.51, 29.95, 48.13, 87.96, 113.87
1:7:23, 23.50, 29.95, 48.19, 88.33, 113.87
1:7:23, 23.49, 29.95, 48.20, 88.24, 113.87
1:7:58, 23.49, 29.95, 48.31, 88.24, 113.70
1:7:58, 23.47, 29.95, 48.29, 88.06, 113.70
1:8:12, 23.46, 29.95, 48.34, 88.06, 113.87
1:8:12, 23.47, 29.95, 48.73, 87.96, 114.03
1:8:12, 23.51, 29.95, 50.10, 66.37, 114.03
1:8:12, 23.58, 29.95, 48.52, 49.89, 114.03
1:9:44, 23.66, 29.95, 47.88, 42.96, 113.70
1:9:44, 23.74, 29.95, 47.41, 38.99, 113.87
1:9:44, 23.80, 29.95, 47.17, 36.69, 113.87
1:9:44, 23.84, 29.95, 47.03, 35.04, 113.70
1:13:4, 23.88, 29.95, 46.90, 34.14, 113.70
1:13:4, 23.91, 29.95, 46.84, 33.36, 113.70
1:13:4, 23.94, 29.95, 46.78, 32.84, 113.87
1:13:4, 23.96, 29.95, 46.75, 32.36, 113.87
1:16:24, 23.97, 29.95, 46.79, 32.14, 113.87
1:16:24, 23.99, 29.95, 46.78, 31.94, 113.53
1:18:4, 24.00, 29.95, 46.76, 31.80, 113.53
1:18:4, 24.02, 29.95, 46.75, 31.51, 113.70
1:19:44, 24.03, 29.95, 46.77, 31.51, 113.70
1:19:44, 24.04, 29.95, 46.82, 31.40, 113.53
1:21:24, 24.06, 29.95, 47.75, 31.14, 113.70
1:21:24, 24.06, 29.95, 47.47, 31.49, 112.54
1:23:4, 23.98, 29.96, 42.70, 32.06, 112.37
1:23:4, 23.89, 29.96, 47.30, 30.96, 112.04
1:24:44, 23.88, 29.96, 46.97, 37.50, 111.88
1:24:44, 23.88, 29.96, 46.81, 43.67, 112.04
1:24:58, 23.89, 29.95, 46.74, 48.46, 112.37
1:24:58, 23.91, 29.95, 46.71, 52.89, 112.54
1:25:12, 23.92, 29.95, 46.74, 56.47, 112.37
1:25:12, 23.94, 29.95, 46.82, 59.16, 112.21
1:25:12, 23.96, 29.96, 46.83, 61.67, 112.21
1:25:33, 23.98, 29.96, 46.74, 64.30, 112.21
1:25:33, 23.99, 29.96, 46.70, 65.45, 112.04
1:25:47, 24.01, 29.96, 46.62, 67.54, 111.88
1:25:47, 24.02, 29.96, 46.54, 68.81, 111.71
1:25:47, 24.04, 29.96, 46.47, 70.12, 111.88
1:26:8, 24.05, 29.96, 46.48, 71.25, 112.21
1:26:8, 24.07, 29.95, 46.47, 71.92, 112.70
1:26:22, 24.08, 29.95, 46.47, 72.72, 113.20
1:26:22, 24.10, 29.95, 46.42, 73.17, 113.70
1:26:22, 24.12, 29.95, 46.34, 74.59, 114.53
1:26:43, 24.13, 29.94, 46.31, 74.85, 115.94
1:26:43, 24.15, 29.94, 46.31, 75.93, 115.28
1:26:57, 24.17, 29.95, 46.28, 75.93, 113.87
1:26:57, 24.18, 29.95, 46.23, 76.69, 113.04
1:26:57, 24.20, 29.95, 46.13, 77.11, 112.54
1:27:18, 24.21, 29.95, 46.03, 77.32, 112.37
1:27:18, 24.23, 29.95, 45.98, 77.89, 112.37
1:27:32, 24.24, 29.95, 45.89, 78.25, 112.37
1:27:32, 24.26, 29.96, 45.82, 78.77, 112.04
1:27:32, 24.27, 29.96, 45.73, 79.36, 112.04
1:27:53, 24.29, 29.96, 45.66, 79.43, 111.88
1:27:53, 24.30, 29.96, 45.56, 79.89, 111.88
1:27:53, 24.31, 29.96, 45.44, 80.34, 111.71
1:28:14, 24.33, 29.96, 45.31, 80.50, 111.71
1:28:14, 24.34, 29.96, 45.22, 80.80, 111.54
1:28:28, 24.35, 29.96, 45.17, 80.88, 111.54
1:28:28, 24.37, 29.96, 45.11, 81.11, 112.04
1:28:42, 24.38, 29.96, 45.00, 81.43, 112.54
1:28:42, 24.40, 29.95, 44.92, 82.06, 112.37
1:28:42, 24.41, 29.96, 44.82, 81.82, 112.04
1:29:3, 24.42, 29.96, 44.75, 81.98, 112.04
1:29:3, 24.44, 29.96, 44.74, 82.14, 111.88
1:29:17, 24.45, 29.96, 44.76, 82.79, 111.88
1:29:17, 24.46, 29.96, 44.78, 82.54, 111.54
1:29:17, 24.48, 29.96, 44.78, 82.38, 111.21
1:29:38, 24.49, 29.96, 44.72, 82.22, 111.21
1:29:38, 24.50, 29.96, 44.68, 82.95, 111.54
1:29:52, 24.52, 29.96, 44.62, 82.79, 111.71
1:29:52, 24.53, 29.96, 44.56, 82.22, 111.88
1:29:52, 24.54, 29.96, 44.52, 82.54, 112.04
1:30:13, 24.55, 29.96, 44.49, 83.44, 112.04
1:30:13, 24.56, 29.96, 44.44, 82.70, 112.21
1:30:27, 24.58, 29.96, 44.34, 83.52, 112.21
1:30:27, 24.58, 29.95, 43.51, 84.87, 112.54
1:30:27, 24.57, 29.95, 42.22, 87.06, 113.04
1:30:48, 24.55, 29.95, 41.60, 88.43, 113.04
1:30:48, 24.52, 29.95, 41.67, 88.33, 113.37
1:31:2, 24.26, 29.95, 43.40, 65.91, 113.70
1:31:2, 23.95, 29.95, 44.65, 50.91, 113.87
1:32:30, 23.78, 29.95, 45.34, 43.90, 113.70
1:32:30, 23.68, 29.95, 45.34, 39.69, 114.03
1:34:10, 23.61, 29.95, 45.41, 37.60, 113.87
1:34:10, 23.58, 29.95, 45.50, 35.49, 113.70
1:34:10, 23.58, 29.95, 45.51, 34.14, 113.87
1:34:10, 23.57, 29.95, 44.48, 33.73, 113.87
1:34:10, 23.56, 29.95, 44.31, 33.44, 114.03
1:34:10, 23.55, 29.95, 44.26, 33.33, 114.36
1:34:10, 23.55, 29.95, 44.15, 33.10, 114.36
1:34:10, 23.55, 29.95, 44.01, 32.71, 114.53
1:34:10, 23.55, 29.95, 44.03, 32.51, 114.70
1:34:10, 23.55, 29.95, 43.94, 32.29, 114.70
1:34:10, 23.56, 29.95, 44.16, 32.16, 114.36
1:34:10, 23.57, 29.95, 44.22, 31.80, 114.53
1:34:10, 23.58, 29.95, 44.12, 31.73, 114.70
1:34:10, 23.59, 29.95, 44.10, 31.87, 115.03
1:34:10, 23.60, 29.94, 44.16, 31.66, 115.19
1:34:10, 23.61, 29.94, 44.06, 31.44, 115.19
1:48:20, 23.62, 29.94, 44.00, 31.51, 115.19
1:48:20, 23.62, 29.94, 43.87, 31.61, 115.19
1:48:20, 23.63, 29.95, 44.52, 31.51, 115.03
1:48:20, 23.64, 29.95, 44.15, 31.35, 115.03
1:48:20, 23.65, 29.95, 44.13, 31.14, 115.03
1:48:20, 23.66, 29.94, 44.14, 31.10, 115.03
1:48:20, 23.67, 29.95, 44.08, 31.07, 115.19
1:48:20, 23.68, 29.95, 44.09, 31.24, 114.86
1:48:20, 23.69, 29.95, 43.78, 31.33, 114.70
1:48:20, 23.70, 29.95, 43.93, 31.63, 114.70
1:48:20, 23.71, 29.95, 43.90, 31.51, 114.70
1:48:20, 23.72, 29.95, 43.67, 31.75, 114.53
1:48:20, 23.72, 29.95, 43.66, 31.80, 114.20
1:48:20, 23.73, 29.95, 43.56, 31.80, 114.20
1:48:20, 23.73, 29.95, 43.67, 32.02, 114.53
1:48:20, 23.74, 29.95, 43.54, 31.85, 114.53
2:1:40, 23.74, 29.95, 43.47, 31.85, 114.53
2:1:40, 23.75, 29.95, 43.83, 31.75, 114.86
2:1:40, 23.75, 29.95, 43.83, 31.68, 114.86
2:1:40, 23.76, 29.95, 43.81, 31.82, 115.03
2:1:40, 23.78, 29.95, 44.12, 31.61, 115.19
2:1:40, 23.79, 29.94, 43.60, 31.49, 115.19
2:1:40, 23.80, 29.94, 43.61, 31.68, 115.03
2:1:40, 23.80, 29.95, 43.78, 31.47, 115.19
2:1:40, 23.80, 29.95, 43.61, 31.73, 115.28
2:9:10, 23.81, 29.94, 43.34, 31.63, 115.28
2:9:10, 23.81, 29.94, 43.58, 31.63, 115.28
2:9:10, 23.81, 29.94, 43.74, 31.40, 115.19
2:9:10, 23.82, 29.95, 43.64, 31.35, 115.28
2:9:10, 23.82, 29.94, 43.51, 31.19, 115.44
2:13:20, 23.83, 29.94, 43.63, 31.19, 115.28
2:13:20, 23.84, 29.94, 43.64, 31.03, 115.44
2:13:20, 23.85, 29.94, 43.47, 31.14, 115.19
2:13:20, 23.86, 29.94, 43.36, 30.96, 115.19
2:13:20, 23.87, 29.94, 43.17, 31.19, 115.19
2:13:20, 23.87, 29.94, 43.24, 31.12, 115.03
2:13:20, 23.88, 29.95, 43.38, 31.12, 114.86
2:13:20, 23.89, 29.95, 43.18, 31.21, 114.53
2:20:0, 23.90, 29.95, 43.14, 31.05, 114.70
2:20:0, 23.90, 29.95, 43.06, 31.01, 114.70
2:20:0, 23.91, 29.95, 43.14, 31.12, 114.70
2:20:0, 23.91, 29.95, 42.97, 31.17, 114.53
2:23:20, 23.91, 29.95, 43.03, 31.12, 114.53
2:23:20, 23.91, 29.95, 43.47, 31.44, 114.53
2:25:0, 23.92, 29.95, 42.30, 31.47, 114.53
2:25:0, 23.92, 29.95, 42.35, 31.94, 114.20
2:26:40, 23.89, 29.95, 42.16, 32.24, 114.20
2:26:40, 23.87, 29.95, 42.55, 31.97, 113.87
2:28:20, 23.84, 29.95, 42.41, 32.11, 114.20
2:28:20, 23.82, 29.95, 42.19, 32.21, 113.87
2:30:0, 23.80, 29.95, 42.41, 32.16, 113.70
2:30:0, 23.79, 29.95, 42.48, 32.14, 113.53
2:30:0, 23.78, 29.95, 42.37, 32.33, 113.20
2:30:0, 23.78, 29.95, 42.69, 32.09, 113.20
2:30:0, 23.77, 29.95, 42.26, 32.36, 113.37
2:30:0, 23.77, 29.95, 42.48, 32.19, 113.37
2:35:0, 23.77, 29.95, 42.78, 32.14, 113.37
2:35:0, 23.77, 29.95, 42.61, 32.09, 113.20
2:36:40, 23.78, 29.95, 42.41, 32.14, 113.20
2:36:40, 23.79, 29.95, 42.56, 32.11, 113.20
2:38:20, 23.79, 29.95, 42.63, 32.29, 113.20
2:38:20, 23.78, 29.95, 42.45, 32.16, 113.04
2:40:0, 23.78, 29.95, 42.52, 32.04, 112.87
2:40:0, 23.78, 29.95, 42.40, 32.44, 112.87
2:41:40, 23.78, 29.95, 42.46, 32.24, 113.20
2:41:40, 23.77, 29.95, 42.43, 32.26, 113.20
2:43:20, 23.77, 29.95, 42.42, 32.41, 113.37
2:43:20, 23.77, 29.95, 42.75, 32.51, 113.37
2:45:0, 23.78, 29.95, 42.62, 32.56, 113.37
2:45:0, 23.79, 29.95, 42.70, 32.61, 113.53
2:46:40, 23.80, 29.95, 42.87, 32.74, 113.70
2:46:40, 23.82, 29.95, 42.94, 32.38, 113.87
2:48:20, 23.83, 29.95, 42.55, 32.71, 113.87
2:48:20, 23.84, 29.95, 42.49, 32.89, 113.53
2:50:0, 23.85, 29.95, 41.67, 33.17, 113.70
2:50:0, 23.86, 29.95, 41.68, 33.46, 113.70
2:51:40, 23.86, 29.95, 42.56, 33.02, 113.70
2:51:40, 23.87, 29.95, 42.97, 32.74, 113.87
2:53:20, 23.90, 29.95, 43.33, 32.53, 113.70
2:53:20, 23.93, 29.95, 43.56, 32.41, 113.70
2:55:0, 23.97, 29.95, 43.68, 32.04, 113.53
2:55:0, 24.01, 29.95, 43.73, 32.02, 113.70
2:56:40, 24.06, 29.95, 44.01, 31.63, 113.87
2:56:40, 24.11, 29.95, 44.86, 31.28, 113.70
2:58:20, 24.18, 29.95, 45.44, 30.25, 114.03
2:58:20, 24.26, 29.95, 45.06, 29.93, 114.03
3:0:0, 24.34, 29.95, 45.08, 29.80, 114.03
3:0:0, 24.41, 29.95, 44.68, 30.23, 114.03
3:1:40, 24.48, 29.95, 44.77, 30.14, 114.20
3:1:40, 24.54, 29.95, 44.74, 29.89, 114.20
3:3:20, 24.60, 29.95, 44.90, 29.84, 114.03
3:3:20, 24.66, 29.95, 44.65, 29.91, 114.20
3:5:0, 24.70, 29.95, 44.72, 29.86, 114.70
3:5:0, 24.71, 29.95, 44.32, 30.14, 114.86
3:6:40, 24.70, 29.95, 44.81, 30.10, 115.19
3:6:40, 24.67, 29.94, 45.21, 29.91, 115.19
3:8:20, 24.50, 29.95, 40.84, 30.40, 114.86
3:8:20, 24.22, 29.95, 41.99, 31.37, 114.03
3:10:0, 24.00, 29.95, 42.90, 31.21, 113.70
3:10:0, 23.85, 29.95, 43.12, 31.10, 113.53
3:11:40, 23.74, 29.95, 43.24, 31.12, 113.04
3:11:40, 23.66, 29.95, 43.42, 31.05, 113.20
3:13:20, 23.60, 29.95, 43.67, 31.05, 112.70
3:13:20, 23.56, 29.95, 43.77, 30.96, 114.36
3:15:0, 23.53, 29.95, 43.64, 31.03, 114.20
3:15:0, 23.50, 29.95, 43.76, 31.05, 113.53
3:16:40, 23.48, 29.95, 43.64, 30.98, 112.87
3:16:40, 23.35, 29.95, 41.34, 32.33, 113.37
3:18:20, 23.19, 29.95, 46.31, 33.33, 113.53
3:18:20, 23.10, 29.95, 47.92, 33.60, 113.70
3:20:0, 23.07, 29.95, 48.05, 33.54, 114.03
3:20:0, 23.09, 29.95, 48.21, 33.54, 113.70
3:21:40, 23.12, 29.95, 48.11, 33.30, 113.70
3:21:40, 23.27, 29.95, 58.29, 31.87, 113.87
